0.133333333
0.200000000
0.000000000
0.066666667
0.066666667
0.000000000
0.066666667
0.200000000
0.000000000
0.066666667
0.000000000
0.066666667
0.000000000
0.000000000
0.200000000
0.000000000
0.133333333
0.133333333
0.133333333
0.000000000
0.066666667
0.066666667
0.200000000
0.133333333
0.000000000
0.000000000
0.133333333
0.000000000
0.000000000
0.066666667
0.000000000
0.000000000
0.000000000
0.000000000
0.066666667
0.000000000
0.000000000
0.000000000
0.000000000
0.066666667
0.200000000
0.000000000
0.066666667
0.066666667
0.266666667
0.200000000
0.066666667
0.066666667
0.066666667
0.133333333
0.066666667
0.266666667
0.000000000
0.000000000
0.000000000
0.266666667
0.000000000
0.200000000
0.000000000
0.066666667
0.000000000
0.000000000
0.000000000
0.000000000
0.000000000
0.266666667
0.266666667
0.000000000
0.000000000
0.333333333
0.333333333
0.000000000
0.200000000
0.000000000
0.000000000
0.066666667
0.200000000
0.000000000
0.066666667
0.133333333
0.066666667
0.133333333
0.066666667
0.066666667
0.066666667
0.400000000
0.000000000
0.066666667
0.400000000
0.000000000
0.000000000
0.066666667
0.000000000
0.066666667
0.200000000
0.000000000
0.333333333
0.066666667
0.333333333
0.266666667
0.066666667
0.066666667
0.066666667
0.200000000
0.200000000
0.066666667
0.000000000
0.000000000
0.066666667
0.066666667
0.000000000
0.000000000
0.000000000
0.000000000
0.000000000
0.000000000
0.066666667
0.000000000
0.000000000
0.000000000
0.000000000
0.266666667
0.066666667
0.066666667
0.066666667
0.000000000
