000010101100100
000010101111010
000010101111010
000010101111101
000011000000001
000011000000110
000011000011000
000011000011111
000011000101011
000011000101100
000011000110010
000011000110010
000011000110101
000011001001010
000011001001101
000011001010011
000011001010100
000011001010100
000011001100000
000011001100111
000011001100111
000011001111001
000011001111110
000011001111110
000011110000000
000011110000000
000011110000111
000011110000111
000011110011001
000011110011110
000011110101010
000011110101010
000011110101101
000011110110011
000011110110100
000011111001011
000011111001011
000011111001100
000011111001100
000011111010010
000011111010010
000011111010101
000011111010101
000011111010101
000011111100001
000011111100110
000011111100110
000011111111000
000011111111111
000100010001000
000100010001000
000100010001111
000100010010001
000100010010001
000100010010110
000100010100010
000100010100101
000100010111011
000100011000011
000100011000100
000100011011010
000100011011101
000100011101001
000100011101110
000100011110000
000100011110111
000100100001001
000100100001001
000100100010000
000100100010111
000100100100011
000100100111010
000100100111101
000100100111101
000100101000010
000100101000101
000100101011011
000100101011100
000100101101000
000100101101111
000100101110001
000100101110110
000101000001101
000101000010011
000101000010100
000101000100000
000101000100000
000101000010100
000101000010011
000101000001101
000100101110110
000100101101111
000100101101000
000100101011011
000100101000010
000100100111010
000100100100011
000100100010111
000100100001110
000100100001001
000100011110000
000100011101110
000100011011101
000100011011010
000100011000011
000100010111100
000100010111011
000100010100101
000100010100101
000100010100010
000100010010110
000100010010110
000100010010001
000100010001111
000100010001111
000100010001000
000100010001000
000100010001000
000011111111111
000011111111111
000011111111000
000011111100110
000011111100110
000011111100001
000011111100001
000011111100001
