8.3333e-13,0
4.175e-10,0
8.3417e-10,0
1.2508e-09,0
1.6675e-09,0
2.0842e-09,0
2.5008e-09,0
2.9175e-09,0
3.3342e-09,0
3.7508e-09,0
4.1675e-09,0
4.5842e-09,0
5.0008e-09,0
5.4175e-09,0
5.8342e-09,0
6.2508e-09,0
6.6675e-09,0
7.0842e-09,0
7.5008e-09,0
7.9175e-09,0
8.3342e-09,0
8.7508e-09,0
9.1675e-09,0
9.5842e-09,0
1.0001e-08,0
1.0418e-08,0
1.0834e-08,0
1.1251e-08,0
1.1668e-08,0
1.2084e-08,0
1.2501e-08,0
1.2917e-08,0
1.3334e-08,0
1.3751e-08,0
1.4168e-08,0
1.4584e-08,0
1.5001e-08,0
1.5417e-08,0
1.5834e-08,0
1.6251e-08,0
1.6668e-08,0
1.7084e-08,0
1.7501e-08,0
1.7918e-08,0
1.8334e-08,0
1.8751e-08,0
1.9167e-08,0
1.9584e-08,0
2.0001e-08,0
2.0418e-08,0
2.0834e-08,0
2.1251e-08,0
2.1668e-08,0
2.2084e-08,0
2.2501e-08,0
2.2917e-08,0
2.3334e-08,0
2.3751e-08,0
2.4168e-08,0
2.4584e-08,0
2.5001e-08,0
2.5417e-08,0
2.5834e-08,0
2.6251e-08,0
2.6668e-08,0
2.7084e-08,0
2.7501e-08,0
2.7918e-08,0
2.8334e-08,0
2.8751e-08,0
2.9167e-08,0
2.9584e-08,0
3.0001e-08,0
3.0418e-08,0
3.0834e-08,0
3.1251e-08,0
3.1668e-08,0
3.2084e-08,0
3.2501e-08,0
3.2918e-08,0
3.3334e-08,0
3.3751e-08,0
3.4168e-08,0
3.4584e-08,0
3.5001e-08,0
3.5418e-08,0
3.5834e-08,0
3.6251e-08,0
3.6668e-08,0
3.7084e-08,0
3.7501e-08,0
3.7918e-08,0
3.8334e-08,0
3.8751e-08,0
3.9168e-08,0
3.9584e-08,0
4.0001e-08,0
4.0418e-08,0
4.0834e-08,0
4.1251e-08,0
4.1668e-08,0
4.2084e-08,0
4.2501e-08,0
4.2918e-08,0
4.3334e-08,0
4.3751e-08,0
4.4168e-08,0
4.4584e-08,0
4.5001e-08,0
4.5418e-08,0
4.5834e-08,0
4.6251e-08,0
4.6668e-08,0
4.7084e-08,0
4.7501e-08,0
4.7918e-08,0
4.8334e-08,0
4.8751e-08,0
4.9168e-08,0
4.9584e-08,0
5.0001e-08,0
5.0418e-08,0
5.0834e-08,0
5.1251e-08,0
5.1668e-08,0
5.2084e-08,0
5.2501e-08,0
5.2918e-08,0
5.3334e-08,0
5.3751e-08,0
5.4168e-08,0
5.4584e-08,0
5.5001e-08,0
5.5418e-08,0
5.5834e-08,0
5.6251e-08,0
5.6668e-08,0
5.7084e-08,0
5.7501e-08,0
5.7918e-08,0
5.8334e-08,0
5.8751e-08,0
5.9168e-08,0
5.9584e-08,0
6.0001e-08,0
6.0417e-08,0
6.0834e-08,0
6.1251e-08,0
6.1667e-08,0
6.2084e-08,0
6.2501e-08,0
6.2917e-08,0
6.3334e-08,0
6.3751e-08,0
6.4167e-08,0
6.4584e-08,0
6.5001e-08,0
6.5417e-08,0
6.5834e-08,0
6.6251e-08,0
6.6667e-08,0
6.7084e-08,0
6.7501e-08,0
6.7917e-08,0
6.8334e-08,0
6.8751e-08,0
6.9168e-08,0
6.9584e-08,0
7.0001e-08,0
7.0418e-08,0
7.0834e-08,0
7.1251e-08,0
7.1668e-08,0
7.2084e-08,0
7.2501e-08,0
7.2918e-08,0
7.3334e-08,0
7.3751e-08,0
7.4167e-08,0
7.4584e-08,0
7.5001e-08,0
7.5417e-08,0
7.5834e-08,0
7.6251e-08,0
7.6667e-08,0
7.7084e-08,0
7.7501e-08,0
7.7917e-08,0
7.8334e-08,0
7.8751e-08,0
7.9167e-08,0
7.9584e-08,0
8.0001e-08,0
8.0417e-08,0
8.0834e-08,0
8.1251e-08,0
8.1667e-08,0
8.2084e-08,0
8.2501e-08,0
8.2918e-08,0
8.3334e-08,0
8.3751e-08,0
8.4168e-08,0
8.4584e-08,0
8.5001e-08,0
8.5418e-08,0
8.5834e-08,0
8.6251e-08,0
8.6668e-08,0
8.7084e-08,0
8.7501e-08,0
8.7917e-08,0
8.8334e-08,0
8.8751e-08,0
8.9167e-08,0
8.9584e-08,0
9.0001e-08,0
9.0417e-08,0
9.0834e-08,0
9.1251e-08,0
9.1667e-08,0
9.2084e-08,0
9.2501e-08,0
9.2917e-08,0
9.3334e-08,0
9.3751e-08,0
9.4167e-08,0
9.4584e-08,0
9.5001e-08,0
9.5418e-08,0
9.5834e-08,0
9.6251e-08,0
9.6668e-08,0
9.7084e-08,0
9.7501e-08,0
9.7918e-08,0
9.8334e-08,0
9.8751e-08,0
9.9168e-08,0
9.9584e-08,0
1e-07,0
1.0042e-07,0
1.0083e-07,0
1.0125e-07,0
1.0167e-07,0
1.0208e-07,0
1.025e-07,1.8536e-11
1.0292e-07,3.0169e-06
1.0333e-07,0.0089961
1.0375e-07,0.5
1.0417e-07,0.9909
1.0458e-07,0.99951
1.05e-07,0.99874
1.0542e-07,0.99758
1.0583e-07,0.99604
1.0625e-07,0.99412
1.0667e-07,0.99181
1.0708e-07,0.98912
1.075e-07,0.98605
1.0792e-07,0.9826
1.0833e-07,0.97877
1.0875e-07,0.97456
1.0917e-07,0.96998
1.0958e-07,0.96502
1.1e-07,0.95969
1.1042e-07,0.95399
1.1083e-07,0.94792
1.1125e-07,0.94149
1.1167e-07,0.9347
1.1208e-07,0.92754
1.125e-07,0.92003
1.1292e-07,0.91216
1.1333e-07,0.90394
1.1375e-07,0.89537
1.1417e-07,0.88646
1.1458e-07,0.8772
1.15e-07,0.86761
1.1542e-07,0.85768
1.1583e-07,0.84742
1.1625e-07,0.83684
1.1667e-07,0.82593
1.1708e-07,0.8147
1.175e-07,0.80316
1.1792e-07,0.79131
1.1833e-07,0.77916
1.1875e-07,0.7667
1.1917e-07,0.75395
1.1958e-07,0.74091
1.2e-07,0.72758
1.2042e-07,0.71398
1.2083e-07,0.70009
1.2125e-07,0.68594
1.2167e-07,0.67152
1.2208e-07,0.65685
1.225e-07,0.64192
1.2292e-07,0.62674
1.2333e-07,0.61132
1.2375e-07,0.59567
1.2417e-07,0.57978
1.2458e-07,0.56368
1.25e-07,0.54735
1.2542e-07,0.53081
1.2583e-07,0.51407
1.2625e-07,0.49714
1.2667e-07,0.48001
1.2708e-07,0.46269
1.275e-07,0.4452
1.2792e-07,0.42753
1.2833e-07,0.4097
1.2875e-07,0.39171
1.2917e-07,0.37357
1.2958e-07,0.35529
1.3e-07,0.33687
1.3042e-07,0.31832
1.3083e-07,0.29965
1.3125e-07,0.28086
1.3167e-07,0.26196
1.3208e-07,0.24297
1.325e-07,0.22388
1.3292e-07,0.2047
1.3333e-07,0.18544
1.3375e-07,0.16611
1.3417e-07,0.14672
1.3458e-07,0.12727
1.35e-07,0.10778
1.3542e-07,0.088238
1.3583e-07,0.068664
1.3625e-07,0.049065
1.3667e-07,0.029447
1.3708e-07,0.0098168
1.375e-07,-0.0098168
1.3792e-07,-0.029447
1.3833e-07,-0.049065
1.3875e-07,-0.068664
1.3917e-07,-0.088238
1.3958e-07,-0.10778
1.4e-07,-0.12727
1.4042e-07,-0.14672
1.4083e-07,-0.16611
1.4125e-07,-0.18544
1.4167e-07,-0.2047
1.4208e-07,-0.22388
1.425e-07,-0.24297
1.4292e-07,-0.26196
1.4333e-07,-0.28086
1.4375e-07,-0.29965
1.4417e-07,-0.31832
1.4458e-07,-0.33687
1.45e-07,-0.35529
1.4542e-07,-0.37357
1.4583e-07,-0.39171
1.4625e-07,-0.4097
1.4667e-07,-0.42753
1.4708e-07,-0.4452
1.475e-07,-0.46269
1.4792e-07,-0.48001
1.4833e-07,-0.49714
1.4875e-07,-0.51407
1.4917e-07,-0.53081
1.4958e-07,-0.54735
1.5e-07,-0.56368
1.5042e-07,-0.57978
1.5083e-07,-0.59567
1.5125e-07,-0.61132
1.5167e-07,-0.62674
1.5208e-07,-0.64192
1.525e-07,-0.65685
1.5292e-07,-0.67152
1.5333e-07,-0.68594
1.5375e-07,-0.70009
1.5417e-07,-0.71398
1.5458e-07,-0.72758
1.55e-07,-0.74091
1.5542e-07,-0.75395
1.5583e-07,-0.7667
1.5625e-07,-0.77916
1.5667e-07,-0.79131
1.5708e-07,-0.80316
1.575e-07,-0.8147
1.5792e-07,-0.82593
1.5833e-07,-0.83684
1.5875e-07,-0.84742
1.5917e-07,-0.85768
1.5958e-07,-0.86761
1.6e-07,-0.8772
1.6042e-07,-0.88646
1.6083e-07,-0.89537
1.6125e-07,-0.90394
1.6167e-07,-0.91216
1.6208e-07,-0.92003
1.625e-07,-0.92754
1.6292e-07,-0.9347
1.6333e-07,-0.94149
1.6375e-07,-0.94792
1.6417e-07,-0.95399
1.6458e-07,-0.95969
1.65e-07,-0.96502
1.6542e-07,-0.96998
1.6583e-07,-0.97456
1.6625e-07,-0.97877
1.6667e-07,-0.9826
1.6708e-07,-0.98605
1.675e-07,-0.98912
1.6792e-07,-0.99181
1.6833e-07,-0.99412
1.6875e-07,-0.99604
1.6917e-07,-0.99758
1.6958e-07,-0.99874
1.7e-07,-0.99951
1.7042e-07,-0.9999
1.7083e-07,-0.9999
1.7125e-07,-0.99951
1.7167e-07,-0.99874
1.7208e-07,-0.99758
1.725e-07,-0.99604
1.7292e-07,-0.99412
1.7333e-07,-0.99181
1.7375e-07,-0.98912
1.7417e-07,-0.98605
1.7458e-07,-0.9826
1.75e-07,-0.97877
1.7542e-07,-0.97456
1.7583e-07,-0.96998
1.7625e-07,-0.96502
1.7667e-07,-0.95969
1.7708e-07,-0.95399
1.775e-07,-0.94792
1.7792e-07,-0.94149
1.7833e-07,-0.9347
1.7875e-07,-0.92754
1.7917e-07,-0.92003
1.7958e-07,-0.91216
1.8e-07,-0.90394
1.8042e-07,-0.89537
1.8083e-07,-0.88646
1.8125e-07,-0.8772
1.8167e-07,-0.86761
1.8208e-07,-0.85768
1.825e-07,-0.84742
1.8292e-07,-0.83684
1.8333e-07,-0.82593
1.8375e-07,-0.8147
1.8417e-07,-0.80316
1.8458e-07,-0.79131
1.85e-07,-0.77916
1.8542e-07,-0.7667
1.8583e-07,-0.75395
1.8625e-07,-0.74091
1.8667e-07,-0.72758
1.8708e-07,-0.71398
1.875e-07,-0.70009
1.8792e-07,-0.68594
1.8833e-07,-0.67152
1.8875e-07,-0.65685
1.8917e-07,-0.64192
1.8958e-07,-0.62674
1.9e-07,-0.61132
1.9042e-07,-0.59567
1.9083e-07,-0.57978
1.9125e-07,-0.56368
1.9167e-07,-0.54735
1.9208e-07,-0.53081
1.925e-07,-0.51407
1.9292e-07,-0.49714
1.9333e-07,-0.48001
1.9375e-07,-0.46269
1.9417e-07,-0.4452
1.9458e-07,-0.42753
1.95e-07,-0.4097
1.9542e-07,-0.39171
1.9583e-07,-0.37357
1.9625e-07,-0.35529
1.9667e-07,-0.33687
1.9708e-07,-0.31832
1.975e-07,-0.29965
1.9792e-07,-0.28086
1.9833e-07,-0.26196
1.9875e-07,-0.24297
1.9917e-07,-0.22388
1.9958e-07,-0.2047
2e-07,-0.18544
2.0042e-07,-0.16611
2.0083e-07,-0.14672
2.0125e-07,-0.12727
2.0167e-07,-0.10778
2.0208e-07,-0.088238
2.025e-07,-0.068664
2.0292e-07,-0.049065
2.0333e-07,-0.029447
2.0375e-07,-0.0098168
2.0417e-07,0.0098168
2.0458e-07,0.029447
2.05e-07,0.049065
2.0542e-07,0.068664
2.0583e-07,0.088238
2.0625e-07,0.10778
2.0667e-07,0.12727
2.0708e-07,0.14672
2.075e-07,0.16611
2.0792e-07,0.18544
2.0833e-07,0.2047
2.0875e-07,0.22388
2.0917e-07,0.24297
2.0958e-07,0.26196
2.1e-07,0.28086
2.1042e-07,0.29965
2.1083e-07,0.31832
2.1125e-07,0.33687
2.1167e-07,0.35529
2.1208e-07,0.37357
2.125e-07,0.39171
2.1292e-07,0.4097
2.1333e-07,0.42753
2.1375e-07,0.4452
2.1417e-07,0.46269
2.1458e-07,0.48001
2.15e-07,0.49714
2.1542e-07,0.51407
2.1583e-07,0.53081
2.1625e-07,0.54735
2.1667e-07,0.56368
2.1708e-07,0.57978
2.175e-07,0.59567
2.1792e-07,0.61132
2.1833e-07,0.62674
2.1875e-07,0.64192
2.1917e-07,0.65685
2.1958e-07,0.67152
2.2e-07,0.68594
2.2042e-07,0.70009
2.2083e-07,0.71398
2.2125e-07,0.72758
2.2167e-07,0.74091
2.2208e-07,0.75395
2.225e-07,0.7667
2.2292e-07,0.77916
2.2333e-07,0.79131
2.2375e-07,0.80316
2.2417e-07,0.8147
2.2458e-07,0.82593
2.25e-07,0.83684
2.2542e-07,0.84742
2.2583e-07,0.85768
2.2625e-07,0.86761
2.2667e-07,0.8772
2.2708e-07,0.88646
2.275e-07,0.89537
2.2792e-07,0.90394
2.2833e-07,0.91216
2.2875e-07,0.92003
2.2917e-07,0.92754
2.2958e-07,0.9347
2.3e-07,0.94149
2.3042e-07,0.94792
2.3083e-07,0.95399
2.3125e-07,0.95969
2.3167e-07,0.96502
2.3208e-07,0.96998
2.325e-07,0.97456
2.3292e-07,0.97877
2.3333e-07,0.9826
2.3375e-07,0.98605
2.3417e-07,0.98912
2.3458e-07,0.99181
2.35e-07,0.99412
2.3542e-07,0.99604
2.3583e-07,0.99758
2.3625e-07,0.99874
2.3667e-07,0.99951
2.3708e-07,0.9999
2.375e-07,0.9999
2.3792e-07,0.99951
2.3833e-07,0.99874
2.3875e-07,0.99758
2.3917e-07,0.99604
2.3958e-07,0.99412
2.4e-07,0.99181
2.4042e-07,0.98912
2.4083e-07,0.98605
2.4125e-07,0.9826
2.4167e-07,0.97877
2.4208e-07,0.97456
2.425e-07,0.96998
2.4292e-07,0.96502
2.4333e-07,0.95969
2.4375e-07,0.95399
2.4417e-07,0.94792
2.4458e-07,0.94149
2.45e-07,0.9347
2.4542e-07,0.92754
2.4583e-07,0.92003
2.4625e-07,0.91216
2.4667e-07,0.90394
2.4708e-07,0.89537
2.475e-07,0.88646
2.4792e-07,0.8772
2.4833e-07,0.86761
2.4875e-07,0.85768
2.4917e-07,0.84742
2.4958e-07,0.83684
2.5e-07,0.82593
2.5042e-07,0.8147
2.5083e-07,0.80316
2.5125e-07,0.79131
2.5167e-07,0.77916
2.5208e-07,0.7667
2.525e-07,0.75395
2.5292e-07,0.74091
2.5333e-07,0.72758
2.5375e-07,0.71398
2.5417e-07,0.70009
2.5458e-07,0.68594
2.55e-07,0.67152
2.5542e-07,0.65685
2.5583e-07,0.64192
2.5625e-07,0.62674
2.5667e-07,0.61132
2.5708e-07,0.59567
2.575e-07,0.57978
2.5792e-07,0.56368
2.5833e-07,0.54735
2.5875e-07,0.53081
2.5917e-07,0.51407
2.5958e-07,0.49714
2.6e-07,0.48001
2.6042e-07,0.46269
2.6083e-07,0.4452
2.6125e-07,0.42753
2.6167e-07,0.4097
2.6208e-07,0.39171
2.625e-07,0.37357
2.6292e-07,0.35529
2.6333e-07,0.33687
2.6375e-07,0.31832
2.6417e-07,0.29965
2.6458e-07,0.28086
2.65e-07,0.26196
2.6542e-07,0.24297
2.6583e-07,0.22388
2.6625e-07,0.2047
2.6667e-07,0.18544
2.6708e-07,0.16611
2.675e-07,0.14672
2.6792e-07,0.12727
2.6833e-07,0.10778
2.6875e-07,0.088238
2.6917e-07,0.068664
2.6958e-07,0.049065
2.7e-07,0.029447
2.7042e-07,0.0098168
2.7083e-07,-0.0098168
2.7125e-07,-0.029447
2.7167e-07,-0.049065
2.7208e-07,-0.068664
2.725e-07,-0.088238
2.7292e-07,-0.10778
2.7333e-07,-0.12727
2.7375e-07,-0.14672
2.7417e-07,-0.16611
2.7458e-07,-0.18544
2.75e-07,-0.2047
2.7542e-07,-0.22388
2.7583e-07,-0.24297
2.7625e-07,-0.26196
2.7667e-07,-0.28086
2.7708e-07,-0.29965
2.775e-07,-0.31832
2.7792e-07,-0.33687
2.7833e-07,-0.35529
2.7875e-07,-0.37357
2.7917e-07,-0.39171
2.7958e-07,-0.4097
2.8e-07,-0.42753
2.8042e-07,-0.4452
2.8083e-07,-0.46269
2.8125e-07,-0.48001
2.8167e-07,-0.49714
2.8208e-07,-0.51407
2.825e-07,-0.53081
2.8292e-07,-0.54735
2.8333e-07,-0.56368
2.8375e-07,-0.57978
2.8417e-07,-0.59567
2.8458e-07,-0.61132
2.85e-07,-0.62674
2.8542e-07,-0.64192
2.8583e-07,-0.65685
2.8625e-07,-0.67152
2.8667e-07,-0.68594
2.8708e-07,-0.70009
2.875e-07,-0.71398
2.8792e-07,-0.72758
2.8833e-07,-0.74091
2.8875e-07,-0.75395
2.8917e-07,-0.7667
2.8958e-07,-0.77916
2.9e-07,-0.79131
2.9042e-07,-0.80316
2.9083e-07,-0.8147
2.9125e-07,-0.82593
2.9167e-07,-0.83684
2.9208e-07,-0.84742
2.925e-07,-0.85768
2.9292e-07,-0.86761
2.9333e-07,-0.8772
2.9375e-07,-0.88646
2.9417e-07,-0.89537
2.9458e-07,-0.90394
2.95e-07,-0.91216
2.9542e-07,-0.92003
2.9583e-07,-0.92754
2.9625e-07,-0.9347
2.9667e-07,-0.94149
2.9708e-07,-0.94792
2.975e-07,-0.95399
2.9792e-07,-0.95969
2.9833e-07,-0.96502
2.9875e-07,-0.96998
2.9917e-07,-0.97456
2.9958e-07,-0.97877
3e-07,-0.9826
3.0042e-07,-0.98605
3.0083e-07,-0.98912
3.0125e-07,-0.99181
3.0167e-07,-0.99412
3.0208e-07,-0.99604
3.025e-07,-0.99758
3.0292e-07,-0.99874
3.0333e-07,-0.99951
3.0375e-07,-0.9999
3.0417e-07,-0.9999
3.0458e-07,-0.99951
3.05e-07,-0.99874
3.0542e-07,-0.99758
3.0583e-07,-0.99604
3.0625e-07,-0.99412
3.0667e-07,-0.99181
3.0708e-07,-0.98912
3.075e-07,-0.98605
3.0792e-07,-0.9826
3.0833e-07,-0.97877
3.0875e-07,-0.97456
3.0917e-07,-0.96998
3.0958e-07,-0.96502
3.1e-07,-0.95969
3.1042e-07,-0.95399
3.1083e-07,-0.94792
3.1125e-07,-0.94149
3.1167e-07,-0.9347
3.1208e-07,-0.92759
3.125e-07,-0.92266
3.1292e-07,-0.92007
3.1333e-07,-0.91749
3.1375e-07,-0.91487
3.1417e-07,-0.9122
3.1458e-07,-0.9095
3.15e-07,-0.90676
3.1542e-07,-0.90398
3.1583e-07,-0.90117
3.1625e-07,-0.89831
3.1667e-07,-0.89542
3.1708e-07,-0.89248
3.175e-07,-0.88951
3.1792e-07,-0.8865
3.1833e-07,-0.88345
3.1875e-07,-0.88037
3.1917e-07,-0.87725
3.1958e-07,-0.87408
3.2e-07,-0.87089
3.2042e-07,-0.86765
3.2083e-07,-0.86438
3.2125e-07,-0.86107
3.2167e-07,-0.85772
3.2208e-07,-0.85434
3.225e-07,-0.85092
3.2292e-07,-0.84746
3.2333e-07,-0.84397
3.2375e-07,-0.84044
3.2417e-07,-0.83688
3.2458e-07,-0.83328
3.25e-07,-0.82964
3.2542e-07,-0.82597
3.2583e-07,-0.82226
3.2625e-07,-0.81852
3.2667e-07,-0.81474
3.2708e-07,-0.81093
3.275e-07,-0.80708
3.2792e-07,-0.8032
3.2833e-07,-0.79929
3.2875e-07,-0.79534
3.2917e-07,-0.79135
3.2958e-07,-0.78733
3.3e-07,-0.78328
3.3042e-07,-0.7792
3.3083e-07,-0.77508
3.3125e-07,-0.77093
3.3167e-07,-0.76674
3.3208e-07,-0.76252
3.325e-07,-0.75827
3.3292e-07,-0.75399
3.3333e-07,-0.74967
3.3375e-07,-0.74533
3.3417e-07,-0.74095
3.3458e-07,-0.73654
3.35e-07,-0.73209
3.3542e-07,-0.72762
3.3583e-07,-0.72311
3.3625e-07,-0.71858
3.3667e-07,-0.71401
3.3708e-07,-0.70941
3.375e-07,-0.70478
3.3792e-07,-0.70013
3.3833e-07,-0.69544
3.3875e-07,-0.69072
3.3917e-07,-0.68597
3.3958e-07,-0.6812
3.4e-07,-0.67639
3.4042e-07,-0.67155
3.4083e-07,-0.66669
3.4125e-07,-0.6618
3.4167e-07,-0.65688
3.4208e-07,-0.65193
3.425e-07,-0.64695
3.4292e-07,-0.64195
3.4333e-07,-0.63692
3.4375e-07,-0.63186
3.4417e-07,-0.62677
3.4458e-07,-0.62166
3.45e-07,-0.61652
3.4542e-07,-0.61135
3.4583e-07,-0.60616
3.4625e-07,-0.60094
3.4667e-07,-0.5957
3.4708e-07,-0.59043
3.475e-07,-0.58513
3.4792e-07,-0.57981
3.4833e-07,-0.57447
3.4875e-07,-0.5691
3.4917e-07,-0.5637
3.4958e-07,-0.55828
3.5e-07,-0.55284
3.5042e-07,-0.54738
3.5083e-07,-0.54189
3.5125e-07,-0.53638
3.5167e-07,-0.53084
3.5208e-07,-0.52528
3.525e-07,-0.5197
3.5292e-07,-0.5141
3.5333e-07,-0.50847
3.5375e-07,-0.50283
3.5417e-07,-0.49716
3.5458e-07,-0.49147
3.55e-07,-0.48576
3.5542e-07,-0.48003
3.5583e-07,-0.47428
3.5625e-07,-0.46851
3.5667e-07,-0.46271
3.5708e-07,-0.4569
3.575e-07,-0.45107
3.5792e-07,-0.44522
3.5833e-07,-0.43935
3.5875e-07,-0.43346
3.5917e-07,-0.42755
3.5958e-07,-0.42163
3.6e-07,-0.41568
3.6042e-07,-0.40972
3.6083e-07,-0.40374
3.6125e-07,-0.39775
3.6167e-07,-0.39173
3.6208e-07,-0.3857
3.625e-07,-0.37966
3.6292e-07,-0.37359
3.6333e-07,-0.36751
3.6375e-07,-0.36142
3.6417e-07,-0.35531
3.6458e-07,-0.34918
3.65e-07,-0.34304
3.6542e-07,-0.33689
3.6583e-07,-0.33072
3.6625e-07,-0.32453
3.6667e-07,-0.31834
3.6708e-07,-0.31213
3.675e-07,-0.3059
3.6792e-07,-0.29966
3.6833e-07,-0.29341
3.6875e-07,-0.28715
3.6917e-07,-0.28087
3.6958e-07,-0.27459
3.7e-07,-0.26829
3.7042e-07,-0.26198
3.7083e-07,-0.25566
3.7125e-07,-0.24932
3.7167e-07,-0.24298
3.7208e-07,-0.23662
3.725e-07,-0.23026
3.7292e-07,-0.22389
3.7333e-07,-0.2175
3.7375e-07,-0.21111
3.7417e-07,-0.20471
3.7458e-07,-0.1983
3.75e-07,-0.19188
3.7542e-07,-0.18545
3.7583e-07,-0.17902
3.7625e-07,-0.17257
3.7667e-07,-0.16612
3.7708e-07,-0.15966
3.775e-07,-0.1532
3.7792e-07,-0.14673
3.7833e-07,-0.14025
3.7875e-07,-0.13377
3.7917e-07,-0.12728
3.7958e-07,-0.12079
3.8e-07,-0.11429
3.8042e-07,-0.10778
3.8083e-07,-0.10127
3.8125e-07,-0.094759
3.8167e-07,-0.088242
3.8208e-07,-0.081721
3.825e-07,-0.075196
3.8292e-07,-0.068668
3.8333e-07,-0.062137
3.8375e-07,-0.055603
3.8417e-07,-0.049067
3.8458e-07,-0.042529
3.85e-07,-0.035989
3.8542e-07,-0.029448
3.8583e-07,-0.022905
3.8625e-07,-0.016362
3.8667e-07,-0.0098173
3.8708e-07,-0.0032725
3.875e-07,0.0032725
3.8792e-07,0.0098173
3.8833e-07,0.016362
3.8875e-07,0.022905
3.8917e-07,0.029448
3.8958e-07,0.035989
3.9e-07,0.042529
3.9042e-07,0.049067
3.9083e-07,0.055603
3.9125e-07,0.062137
3.9167e-07,0.068668
3.9208e-07,0.075196
3.925e-07,0.081721
3.9292e-07,0.088242
3.9333e-07,0.094759
3.9375e-07,0.10127
3.9417e-07,0.10778
3.9458e-07,0.11429
3.95e-07,0.12079
3.9542e-07,0.12728
3.9583e-07,0.13377
3.9625e-07,0.14025
3.9667e-07,0.14673
3.9708e-07,0.1532
3.975e-07,0.15966
3.9792e-07,0.16612
3.9833e-07,0.17257
3.9875e-07,0.17902
3.9917e-07,0.18545
3.9958e-07,0.19188
4e-07,0.1983
4.0042e-07,0.20471
4.0083e-07,0.21111
4.0125e-07,0.2175
4.0167e-07,0.22389
4.0208e-07,0.23026
4.025e-07,0.23662
4.0292e-07,0.24298
4.0333e-07,0.24932
4.0375e-07,0.25566
4.0417e-07,0.26198
4.0458e-07,0.26829
4.05e-07,0.27459
4.0542e-07,0.28087
4.0583e-07,0.28715
4.0625e-07,0.29341
4.0667e-07,0.29966
4.0708e-07,0.3059
4.075e-07,0.31213
4.0792e-07,0.31834
4.0833e-07,0.32453
4.0875e-07,0.33072
4.0917e-07,0.33689
4.0958e-07,0.34304
4.1e-07,0.34918
4.1042e-07,0.35531
4.1083e-07,0.36142
4.1125e-07,0.36751
4.1167e-07,0.37359
4.1208e-07,0.37966
4.125e-07,0.3857
4.1292e-07,0.39173
4.1333e-07,0.39775
4.1375e-07,0.40374
4.1417e-07,0.40972
4.1458e-07,0.41568
4.15e-07,0.42163
4.1542e-07,0.42755
4.1583e-07,0.43346
4.1625e-07,0.43935
4.1667e-07,0.44522
4.1708e-07,0.45107
4.175e-07,0.4569
4.1792e-07,0.46271
4.1833e-07,0.46851
4.1875e-07,0.47428
4.1917e-07,0.48003
4.1958e-07,0.48576
4.2e-07,0.49147
4.2042e-07,0.49716
4.2083e-07,0.50283
4.2125e-07,0.50847
4.2167e-07,0.5141
4.2208e-07,0.5197
4.225e-07,0.52528
4.2292e-07,0.53084
4.2333e-07,0.53638
4.2375e-07,0.54189
4.2417e-07,0.54738
4.2458e-07,0.55284
4.25e-07,0.55828
4.2542e-07,0.5637
4.2583e-07,0.5691
4.2625e-07,0.57447
4.2667e-07,0.57981
4.2708e-07,0.58513
4.275e-07,0.59043
4.2792e-07,0.5957
4.2833e-07,0.60094
4.2875e-07,0.60616
4.2917e-07,0.61135
4.2958e-07,0.61652
4.3e-07,0.62166
4.3042e-07,0.62677
4.3083e-07,0.63186
4.3125e-07,0.63692
4.3167e-07,0.64195
4.3208e-07,0.64695
4.325e-07,0.65193
4.3292e-07,0.65688
4.3333e-07,0.6618
4.3375e-07,0.66669
4.3417e-07,0.67155
4.3458e-07,0.67639
4.35e-07,0.6812
4.3542e-07,0.68597
4.3583e-07,0.69072
4.3625e-07,0.69544
4.3667e-07,0.70013
4.3708e-07,0.70478
4.375e-07,0.70941
4.3792e-07,0.71401
4.3833e-07,0.71858
4.3875e-07,0.72311
4.3917e-07,0.72762
4.3958e-07,0.73209
4.4e-07,0.73654
4.4042e-07,0.74095
4.4083e-07,0.74533
4.4125e-07,0.74967
4.4167e-07,0.75399
4.4208e-07,0.75827
4.425e-07,0.76252
4.4292e-07,0.76674
4.4333e-07,0.77093
4.4375e-07,0.77508
4.4417e-07,0.7792
4.4458e-07,0.78328
4.45e-07,0.78733
4.4542e-07,0.79135
4.4583e-07,0.79534
4.4625e-07,0.79929
4.4667e-07,0.8032
4.4708e-07,0.80708
4.475e-07,0.81093
4.4792e-07,0.81474
4.4833e-07,0.81852
4.4875e-07,0.82226
4.4917e-07,0.82597
4.4958e-07,0.82964
4.5e-07,0.83328
4.5042e-07,0.83688
4.5083e-07,0.84044
4.5125e-07,0.84397
4.5167e-07,0.84746
4.5208e-07,0.85092
4.525e-07,0.85434
4.5292e-07,0.85772
4.5333e-07,0.86107
4.5375e-07,0.86438
4.5417e-07,0.86765
4.5458e-07,0.87089
4.55e-07,0.87408
4.5542e-07,0.87725
4.5583e-07,0.88037
4.5625e-07,0.88345
4.5667e-07,0.8865
4.5708e-07,0.88951
4.575e-07,0.89248
4.5792e-07,0.89542
4.5833e-07,0.89831
4.5875e-07,0.90117
4.5917e-07,0.90398
4.5958e-07,0.90676
4.6e-07,0.9095
4.6042e-07,0.9122
4.6083e-07,0.91487
4.6125e-07,0.91749
4.6167e-07,0.92007
4.6208e-07,0.92262
4.625e-07,0.92512
4.6292e-07,0.92759
4.6333e-07,0.93001
4.6375e-07,0.9324
4.6417e-07,0.93474
4.6458e-07,0.93705
4.65e-07,0.93931
4.6542e-07,0.94154
4.6583e-07,0.94372
4.6625e-07,0.94587
4.6667e-07,0.94797
4.6708e-07,0.95003
4.675e-07,0.95206
4.6792e-07,0.95404
4.6833e-07,0.95598
4.6875e-07,0.95788
4.6917e-07,0.95974
4.6958e-07,0.96156
4.7e-07,0.96333
4.7042e-07,0.96507
4.7083e-07,0.96676
4.7125e-07,0.96841
4.7167e-07,0.97003
4.7208e-07,0.97159
4.725e-07,0.97312
4.7292e-07,0.97461
4.7333e-07,0.97605
4.7375e-07,0.97746
4.7417e-07,0.97882
4.7458e-07,0.98014
4.75e-07,0.98141
4.7542e-07,0.98265
4.7583e-07,0.98384
4.7625e-07,0.98499
4.7667e-07,0.9861
4.7708e-07,0.98717
4.775e-07,0.98819
4.7792e-07,0.98917
4.7833e-07,0.99011
4.7875e-07,0.99101
4.7917e-07,0.99186
4.7958e-07,0.99267
4.8e-07,0.99344
4.8042e-07,0.99417
4.8083e-07,0.99485
4.8125e-07,0.99549
4.8167e-07,0.99609
4.8208e-07,0.99665
4.825e-07,0.99716
4.8292e-07,0.99763
4.8333e-07,0.99806
4.8375e-07,0.99845
4.8417e-07,0.99879
4.8458e-07,0.99909
4.85e-07,0.99935
4.8542e-07,0.99956
4.8583e-07,0.99973
4.8625e-07,0.99986
4.8667e-07,0.99995
4.8708e-07,0.99999
4.875e-07,0.99999
4.8792e-07,0.99995
4.8833e-07,0.99986
4.8875e-07,0.99973
4.8917e-07,0.99956
4.8958e-07,0.99935
4.9e-07,0.99909
4.9042e-07,0.99879
4.9083e-07,0.99845
4.9125e-07,0.99806
4.9167e-07,0.99763
4.9208e-07,0.99716
4.925e-07,0.99665
4.9292e-07,0.99609
4.9333e-07,0.99549
4.9375e-07,0.99485
4.9417e-07,0.99417
4.9458e-07,0.99344
4.95e-07,0.99267
4.9542e-07,0.99186
4.9583e-07,0.99101
4.9625e-07,0.99011
4.9667e-07,0.98917
4.9708e-07,0.98819
4.975e-07,0.98717
4.9792e-07,0.9861
4.9833e-07,0.98499
4.9875e-07,0.98384
4.9917e-07,0.98265
4.9958e-07,0.98141
5e-07,0.98014
5.0042e-07,0.97882
5.0083e-07,0.97746
5.0125e-07,0.97605
5.0167e-07,0.97461
5.0208e-07,0.97312
5.025e-07,0.97159
5.0292e-07,0.97003
5.0333e-07,0.96841
5.0375e-07,0.96676
5.0417e-07,0.96507
5.0458e-07,0.96333
5.05e-07,0.96156
5.0542e-07,0.95974
5.0583e-07,0.95788
5.0625e-07,0.95598
5.0667e-07,0.95404
5.0708e-07,0.95206
5.075e-07,0.95003
5.0792e-07,0.94797
5.0833e-07,0.94587
5.0875e-07,0.94372
5.0917e-07,0.94154
5.0958e-07,0.93931
5.1e-07,0.93705
5.1042e-07,0.93474
5.1083e-07,0.9324
5.1125e-07,0.93001
5.1167e-07,0.92759
5.1208e-07,0.92512
5.125e-07,0.92262
5.1292e-07,0.92007
5.1333e-07,0.91749
5.1375e-07,0.91487
5.1417e-07,0.9122
5.1458e-07,0.9095
5.15e-07,0.90676
5.1542e-07,0.90398
5.1583e-07,0.90117
5.1625e-07,0.89831
5.1667e-07,0.89542
5.1708e-07,0.89248
5.175e-07,0.88951
5.1792e-07,0.8865
5.1833e-07,0.88345
5.1875e-07,0.88037
5.1917e-07,0.87725
5.1958e-07,0.87408
5.2e-07,0.87089
5.2042e-07,0.86765
5.2083e-07,0.86438
5.2125e-07,0.86107
5.2167e-07,0.85772
5.2208e-07,0.85434
5.225e-07,0.85092
5.2292e-07,0.84746
5.2333e-07,0.84397
5.2375e-07,0.84044
5.2417e-07,0.83688
5.2458e-07,0.83328
5.25e-07,0.82964
5.2542e-07,0.82597
5.2583e-07,0.82226
5.2625e-07,0.81852
5.2667e-07,0.81474
5.2708e-07,0.81093
5.275e-07,0.80708
5.2792e-07,0.8032
5.2833e-07,0.79929
5.2875e-07,0.79534
5.2917e-07,0.79135
5.2958e-07,0.78733
5.3e-07,0.78328
5.3042e-07,0.7792
5.3083e-07,0.77508
5.3125e-07,0.77093
5.3167e-07,0.76674
5.3208e-07,0.76252
5.325e-07,0.75827
5.3292e-07,0.75399
5.3333e-07,0.74967
5.3375e-07,0.74533
5.3417e-07,0.74095
5.3458e-07,0.73654
5.35e-07,0.73209
5.3542e-07,0.72762
5.3583e-07,0.72311
5.3625e-07,0.71858
5.3667e-07,0.71401
5.3708e-07,0.70941
5.375e-07,0.70478
5.3792e-07,0.70013
5.3833e-07,0.69544
5.3875e-07,0.69072
5.3917e-07,0.68597
5.3958e-07,0.6812
5.4e-07,0.67639
5.4042e-07,0.67155
5.4083e-07,0.66669
5.4125e-07,0.6618
5.4167e-07,0.65688
5.4208e-07,0.65193
5.425e-07,0.64695
5.4292e-07,0.64195
5.4333e-07,0.63692
5.4375e-07,0.63186
5.4417e-07,0.62677
5.4458e-07,0.62166
5.45e-07,0.61652
5.4542e-07,0.61135
5.4583e-07,0.60616
5.4625e-07,0.60094
5.4667e-07,0.5957
5.4708e-07,0.59043
5.475e-07,0.58513
5.4792e-07,0.57981
5.4833e-07,0.57447
5.4875e-07,0.5691
5.4917e-07,0.5637
5.4958e-07,0.55828
5.5e-07,0.55284
5.5042e-07,0.54738
5.5083e-07,0.54189
5.5125e-07,0.53638
5.5167e-07,0.53084
5.5208e-07,0.52528
5.525e-07,0.5197
5.5292e-07,0.5141
5.5333e-07,0.50847
5.5375e-07,0.50283
5.5417e-07,0.49716
5.5458e-07,0.49147
5.55e-07,0.48576
5.5542e-07,0.48003
5.5583e-07,0.47428
5.5625e-07,0.46851
5.5667e-07,0.46271
5.5708e-07,0.4569
5.575e-07,0.45107
5.5792e-07,0.44522
5.5833e-07,0.43935
5.5875e-07,0.43346
5.5917e-07,0.42755
5.5958e-07,0.42163
5.6e-07,0.41568
5.6042e-07,0.40972
5.6083e-07,0.40374
5.6125e-07,0.39775
5.6167e-07,0.39173
5.6208e-07,0.3857
5.625e-07,0.37966
5.6292e-07,0.37359
5.6333e-07,0.36751
5.6375e-07,0.36142
5.6417e-07,0.35531
5.6458e-07,0.34918
5.65e-07,0.34304
5.6542e-07,0.33689
5.6583e-07,0.33072
5.6625e-07,0.32453
5.6667e-07,0.31834
5.6708e-07,0.31213
5.675e-07,0.3059
5.6792e-07,0.29966
5.6833e-07,0.29341
5.6875e-07,0.28715
5.6917e-07,0.28087
5.6958e-07,0.27459
5.7e-07,0.26829
5.7042e-07,0.26198
5.7083e-07,0.25566
5.7125e-07,0.24932
5.7167e-07,0.24298
5.7208e-07,0.23662
5.725e-07,0.23026
5.7292e-07,0.22389
5.7333e-07,0.2175
5.7375e-07,0.21111
5.7417e-07,0.20471
5.7458e-07,0.1983
5.75e-07,0.19188
5.7542e-07,0.18545
5.7583e-07,0.17902
5.7625e-07,0.17257
5.7667e-07,0.16612
5.7708e-07,0.15966
5.775e-07,0.1532
5.7792e-07,0.14673
5.7833e-07,0.14025
5.7875e-07,0.13377
5.7917e-07,0.12728
5.7958e-07,0.12079
5.8e-07,0.11429
5.8042e-07,0.10778
5.8083e-07,0.10127
5.8125e-07,0.094759
5.8167e-07,0.088242
5.8208e-07,0.081721
5.825e-07,0.075196
5.8292e-07,0.068668
5.8333e-07,0.062137
5.8375e-07,0.055603
5.8417e-07,0.049067
5.8458e-07,0.042529
5.85e-07,0.035989
5.8542e-07,0.029448
5.8583e-07,0.022905
5.8625e-07,0.016362
5.8667e-07,0.0098173
5.8708e-07,0.0032725
5.875e-07,-0.0032725
5.8792e-07,-0.0098173
5.8833e-07,-0.016362
5.8875e-07,-0.022905
5.8917e-07,-0.029448
5.8958e-07,-0.035989
5.9e-07,-0.042529
5.9042e-07,-0.049067
5.9083e-07,-0.055603
5.9125e-07,-0.062137
5.9167e-07,-0.068668
5.9208e-07,-0.075196
5.925e-07,-0.081721
5.9292e-07,-0.088242
5.9333e-07,-0.094759
5.9375e-07,-0.10127
5.9417e-07,-0.10778
5.9458e-07,-0.11429
5.95e-07,-0.12079
5.9542e-07,-0.12728
5.9583e-07,-0.13377
5.9625e-07,-0.14025
5.9667e-07,-0.14673
5.9708e-07,-0.1532
5.975e-07,-0.15966
5.9792e-07,-0.16612
5.9833e-07,-0.17257
5.9875e-07,-0.17902
5.9917e-07,-0.18545
5.9958e-07,-0.19188
6e-07,-0.1983
6.0042e-07,-0.20471
6.0083e-07,-0.21111
6.0125e-07,-0.2175
6.0167e-07,-0.22389
6.0208e-07,-0.23026
6.025e-07,-0.23662
6.0292e-07,-0.24298
6.0333e-07,-0.24932
6.0375e-07,-0.25566
6.0417e-07,-0.26198
6.0458e-07,-0.26829
6.05e-07,-0.27459
6.0542e-07,-0.28087
6.0583e-07,-0.28715
6.0625e-07,-0.29341
6.0667e-07,-0.29966
6.0708e-07,-0.3059
6.075e-07,-0.31213
6.0792e-07,-0.31834
6.0833e-07,-0.32453
6.0875e-07,-0.33072
6.0917e-07,-0.33689
6.0958e-07,-0.34304
6.1e-07,-0.34918
6.1042e-07,-0.35531
6.1083e-07,-0.36142
6.1125e-07,-0.36751
6.1167e-07,-0.37359
6.1208e-07,-0.37966
6.125e-07,-0.3857
6.1292e-07,-0.39173
6.1333e-07,-0.39775
6.1375e-07,-0.40374
6.1417e-07,-0.40972
6.1458e-07,-0.41568
6.15e-07,-0.42163
6.1542e-07,-0.42755
6.1583e-07,-0.43346
6.1625e-07,-0.43935
6.1667e-07,-0.44522
6.1708e-07,-0.45107
6.175e-07,-0.4569
6.1792e-07,-0.46271
6.1833e-07,-0.46851
6.1875e-07,-0.47428
6.1917e-07,-0.48003
6.1958e-07,-0.48576
6.2e-07,-0.49147
6.2042e-07,-0.49716
6.2083e-07,-0.50283
6.2125e-07,-0.50847
6.2167e-07,-0.5141
6.2208e-07,-0.5197
6.225e-07,-0.52528
6.2292e-07,-0.53084
6.2333e-07,-0.53638
6.2375e-07,-0.54189
6.2417e-07,-0.54738
6.2458e-07,-0.55284
6.25e-07,-0.55828
6.2542e-07,-0.5637
6.2583e-07,-0.5691
6.2625e-07,-0.57447
6.2667e-07,-0.57981
6.2708e-07,-0.58513
6.275e-07,-0.59043
6.2792e-07,-0.5957
6.2833e-07,-0.60094
6.2875e-07,-0.60616
6.2917e-07,-0.61135
6.2958e-07,-0.61652
6.3e-07,-0.62166
6.3042e-07,-0.62677
6.3083e-07,-0.63186
6.3125e-07,-0.63692
6.3167e-07,-0.64195
6.3208e-07,-0.64695
6.325e-07,-0.65193
6.3292e-07,-0.65688
6.3333e-07,-0.6618
6.3375e-07,-0.66669
6.3417e-07,-0.67155
6.3458e-07,-0.67639
6.35e-07,-0.6812
6.3542e-07,-0.68597
6.3583e-07,-0.69072
6.3625e-07,-0.69544
6.3667e-07,-0.70013
6.3708e-07,-0.70478
6.375e-07,-0.70941
6.3792e-07,-0.71401
6.3833e-07,-0.71858
6.3875e-07,-0.72311
6.3917e-07,-0.72762
6.3958e-07,-0.73209
6.4e-07,-0.73654
6.4042e-07,-0.74095
6.4083e-07,-0.74533
6.4125e-07,-0.74967
6.4167e-07,-0.75399
6.4208e-07,-0.75827
6.425e-07,-0.76252
6.4292e-07,-0.76674
6.4333e-07,-0.77093
6.4375e-07,-0.77508
6.4417e-07,-0.7792
6.4458e-07,-0.78328
6.45e-07,-0.78733
6.4542e-07,-0.79135
6.4583e-07,-0.79534
6.4625e-07,-0.79929
6.4667e-07,-0.8032
6.4708e-07,-0.80708
6.475e-07,-0.81093
6.4792e-07,-0.81474
6.4833e-07,-0.81852
6.4875e-07,-0.82226
6.4917e-07,-0.82597
6.4958e-07,-0.82964
6.5e-07,-0.83328
6.5042e-07,-0.83688
6.5083e-07,-0.84044
6.5125e-07,-0.84397
6.5167e-07,-0.84746
6.5208e-07,-0.85092
6.525e-07,-0.85434
6.5292e-07,-0.85772
6.5333e-07,-0.86107
6.5375e-07,-0.86438
6.5417e-07,-0.86765
6.5458e-07,-0.87089
6.55e-07,-0.87408
6.5542e-07,-0.87725
6.5583e-07,-0.88037
6.5625e-07,-0.88345
6.5667e-07,-0.8865
6.5708e-07,-0.88951
6.575e-07,-0.89248
6.5792e-07,-0.89542
6.5833e-07,-0.89831
6.5875e-07,-0.90117
6.5917e-07,-0.90398
6.5958e-07,-0.90676
6.6e-07,-0.9095
6.6042e-07,-0.9122
6.6083e-07,-0.91487
6.6125e-07,-0.91749
6.6167e-07,-0.92007
6.6208e-07,-0.92262
6.625e-07,-0.92512
6.6292e-07,-0.92759
6.6333e-07,-0.93001
6.6375e-07,-0.9324
6.6417e-07,-0.93474
6.6458e-07,-0.93705
6.65e-07,-0.93931
6.6542e-07,-0.94154
6.6583e-07,-0.94372
6.6625e-07,-0.94587
6.6667e-07,-0.94797
6.6708e-07,-0.95003
6.675e-07,-0.95206
6.6792e-07,-0.95404
6.6833e-07,-0.95598
6.6875e-07,-0.95788
6.6917e-07,-0.95974
6.6958e-07,-0.96156
6.7e-07,-0.96333
6.7042e-07,-0.96507
6.7083e-07,-0.96676
6.7125e-07,-0.96841
6.7167e-07,-0.97003
6.7208e-07,-0.97159
6.725e-07,-0.97312
6.7292e-07,-0.97461
6.7333e-07,-0.97605
6.7375e-07,-0.97746
6.7417e-07,-0.97882
6.7458e-07,-0.98014
6.75e-07,-0.98141
6.7542e-07,-0.98265
6.7583e-07,-0.98384
6.7625e-07,-0.98499
6.7667e-07,-0.9861
6.7708e-07,-0.98717
6.775e-07,-0.98819
6.7792e-07,-0.98917
6.7833e-07,-0.99011
6.7875e-07,-0.99101
6.7917e-07,-0.99186
6.7958e-07,-0.99267
6.8e-07,-0.99344
6.8042e-07,-0.99417
6.8083e-07,-0.99485
6.8125e-07,-0.99549
6.8167e-07,-0.99609
6.8208e-07,-0.99665
6.825e-07,-0.99716
6.8292e-07,-0.99763
6.8333e-07,-0.99806
6.8375e-07,-0.99845
6.8417e-07,-0.99879
6.8458e-07,-0.99909
6.85e-07,-0.99935
6.8542e-07,-0.99956
6.8583e-07,-0.99973
6.8625e-07,-0.99986
6.8667e-07,-0.99995
6.8708e-07,-0.99999
6.875e-07,-0.99999
6.8792e-07,-0.99995
6.8833e-07,-0.99986
6.8875e-07,-0.99973
6.8917e-07,-0.99956
6.8958e-07,-0.99935
6.9e-07,-0.99909
6.9042e-07,-0.99879
6.9083e-07,-0.99845
6.9125e-07,-0.99806
6.9167e-07,-0.99763
6.9208e-07,-0.99716
6.925e-07,-0.99665
6.9292e-07,-0.99609
6.9333e-07,-0.99549
6.9375e-07,-0.99485
6.9417e-07,-0.99417
6.9458e-07,-0.99344
6.95e-07,-0.99267
6.9542e-07,-0.99186
6.9583e-07,-0.99101
6.9625e-07,-0.99011
6.9667e-07,-0.98917
6.9708e-07,-0.98819
6.975e-07,-0.98717
6.9792e-07,-0.9861
6.9833e-07,-0.98499
6.9875e-07,-0.98384
6.9917e-07,-0.98265
6.9958e-07,-0.98141
7e-07,-0.98014
7.0042e-07,-0.97882
7.0083e-07,-0.97746
7.0125e-07,-0.97605
7.0167e-07,-0.97461
7.0208e-07,-0.97312
7.025e-07,-0.97159
7.0292e-07,-0.97003
7.0333e-07,-0.96841
7.0375e-07,-0.96676
7.0417e-07,-0.96507
7.0458e-07,-0.96333
7.05e-07,-0.96156
7.0542e-07,-0.95974
7.0583e-07,-0.95788
7.0625e-07,-0.95598
7.0667e-07,-0.95404
7.0708e-07,-0.95206
7.075e-07,-0.95003
7.0792e-07,-0.94797
7.0833e-07,-0.94587
7.0875e-07,-0.94372
7.0917e-07,-0.94154
7.0958e-07,-0.93931
7.1e-07,-0.93705
7.1042e-07,-0.93474
7.1083e-07,-0.9324
7.1125e-07,-0.93001
7.1167e-07,-0.92759
7.1208e-07,-0.92512
7.125e-07,-0.92262
7.1292e-07,-0.92007
7.1333e-07,-0.91749
7.1375e-07,-0.91487
7.1417e-07,-0.9122
7.1458e-07,-0.9095
7.15e-07,-0.90676
7.1542e-07,-0.90398
7.1583e-07,-0.90117
7.1625e-07,-0.89831
7.1667e-07,-0.89542
7.1708e-07,-0.89248
7.175e-07,-0.88951
7.1792e-07,-0.8865
7.1833e-07,-0.88345
7.1875e-07,-0.88037
7.1917e-07,-0.87725
7.1958e-07,-0.87408
7.2e-07,-0.87089
7.2042e-07,-0.86765
7.2083e-07,-0.86438
7.2125e-07,-0.86107
7.2167e-07,-0.85772
7.2208e-07,-0.85434
7.225e-07,-0.85092
7.2292e-07,-0.84746
7.2333e-07,-0.84397
7.2375e-07,-0.84044
7.2417e-07,-0.83688
7.2458e-07,-0.83328
7.25e-07,-0.82964
7.2542e-07,-0.82597
7.2583e-07,-0.82226
7.2625e-07,-0.81852
7.2667e-07,-0.81474
7.2708e-07,-0.81093
7.275e-07,-0.80708
7.2792e-07,-0.8032
7.2833e-07,-0.79929
7.2875e-07,-0.79534
7.2917e-07,-0.79135
7.2958e-07,-0.78733
7.3e-07,-0.78328
7.3042e-07,-0.7792
7.3083e-07,-0.77508
7.3125e-07,-0.77093
7.3167e-07,-0.76674
7.3208e-07,-0.76252
7.325e-07,-0.75827
7.3292e-07,-0.75399
7.3333e-07,-0.74967
7.3375e-07,-0.74533
7.3417e-07,-0.74095
7.3458e-07,-0.73654
7.35e-07,-0.73209
7.3542e-07,-0.72762
7.3583e-07,-0.72311
7.3625e-07,-0.71858
7.3667e-07,-0.71401
7.3708e-07,-0.70941
7.375e-07,-0.70478
7.3792e-07,-0.70013
7.3833e-07,-0.69544
7.3875e-07,-0.69072
7.3917e-07,-0.68597
7.3958e-07,-0.6812
7.4e-07,-0.67639
7.4042e-07,-0.67155
7.4083e-07,-0.66669
7.4125e-07,-0.6618
7.4167e-07,-0.65688
7.4208e-07,-0.65193
7.425e-07,-0.64695
7.4292e-07,-0.64195
7.4333e-07,-0.63692
7.4375e-07,-0.63186
7.4417e-07,-0.62677
7.4458e-07,-0.62166
7.45e-07,-0.61652
7.4542e-07,-0.61135
7.4583e-07,-0.60616
7.4625e-07,-0.60094
7.4667e-07,-0.5957
7.4708e-07,-0.59043
7.475e-07,-0.58513
7.4792e-07,-0.57981
7.4833e-07,-0.57447
7.4875e-07,-0.5691
7.4917e-07,-0.5637
7.4958e-07,-0.55828
7.5e-07,-0.55284
7.5042e-07,-0.54738
7.5083e-07,-0.54189
7.5125e-07,-0.53638
7.5167e-07,-0.53084
7.5208e-07,-0.52528
7.525e-07,-0.5197
7.5292e-07,-0.5141
7.5333e-07,-0.50847
7.5375e-07,-0.50283
7.5417e-07,-0.49716
7.5458e-07,-0.49147
7.55e-07,-0.48576
7.5542e-07,-0.48003
7.5583e-07,-0.47428
7.5625e-07,-0.46851
7.5667e-07,-0.46271
7.5708e-07,-0.4569
7.575e-07,-0.45107
7.5792e-07,-0.44522
7.5833e-07,-0.43935
7.5875e-07,-0.43346
7.5917e-07,-0.42755
7.5958e-07,-0.42163
7.6e-07,-0.41568
7.6042e-07,-0.40972
7.6083e-07,-0.40374
7.6125e-07,-0.39775
7.6167e-07,-0.39173
7.6208e-07,-0.3857
7.625e-07,-0.37966
7.6292e-07,-0.37359
7.6333e-07,-0.36751
7.6375e-07,-0.36142
7.6417e-07,-0.35531
7.6458e-07,-0.34918
7.65e-07,-0.34304
7.6542e-07,-0.33689
7.6583e-07,-0.33072
7.6625e-07,-0.32453
7.6667e-07,-0.31834
7.6708e-07,-0.31213
7.675e-07,-0.3059
7.6792e-07,-0.29966
7.6833e-07,-0.29341
7.6875e-07,-0.28715
7.6917e-07,-0.28087
7.6958e-07,-0.27459
7.7e-07,-0.26829
7.7042e-07,-0.26198
7.7083e-07,-0.25566
7.7125e-07,-0.24932
7.7167e-07,-0.24298
7.7208e-07,-0.23662
7.725e-07,-0.23026
7.7292e-07,-0.22389
7.7333e-07,-0.2175
7.7375e-07,-0.21111
7.7417e-07,-0.20471
7.7458e-07,-0.1983
7.75e-07,-0.19188
7.7542e-07,-0.18545
7.7583e-07,-0.17902
7.7625e-07,-0.17257
7.7667e-07,-0.16612
7.7708e-07,-0.15966
7.775e-07,-0.1532
7.7792e-07,-0.14673
7.7833e-07,-0.14025
7.7875e-07,-0.13377
7.7917e-07,-0.12728
7.7958e-07,-0.12079
7.8e-07,-0.11429
7.8042e-07,-0.10778
7.8083e-07,-0.10127
7.8125e-07,-0.094759
7.8167e-07,-0.088242
7.8208e-07,-0.081721
7.825e-07,-0.075196
7.8292e-07,-0.068668
7.8333e-07,-0.062137
7.8375e-07,-0.055603
7.8417e-07,-0.049067
7.8458e-07,-0.042529
7.85e-07,-0.035989
7.8542e-07,-0.029448
7.8583e-07,-0.022905
7.8625e-07,-0.016362
7.8667e-07,-0.0098173
7.8708e-07,-0.0032725
7.875e-07,0.0032725
7.8792e-07,0.0098173
7.8833e-07,0.016362
7.8875e-07,0.022905
7.8917e-07,0.029448
7.8958e-07,0.035989
7.9e-07,0.042529
7.9042e-07,0.049067
7.9083e-07,0.055603
7.9125e-07,0.062137
7.9167e-07,0.068668
7.9208e-07,0.075196
7.925e-07,0.081721
7.9292e-07,0.088242
7.9333e-07,0.094759
7.9375e-07,0.10127
7.9417e-07,0.10778
7.9458e-07,0.11429
7.95e-07,0.12079
7.9542e-07,0.12728
7.9583e-07,0.13377
7.9625e-07,0.14025
7.9667e-07,0.14673
7.9708e-07,0.1532
7.975e-07,0.15966
7.9792e-07,0.16612
7.9833e-07,0.17257
7.9875e-07,0.17902
7.9917e-07,0.18545
7.9958e-07,0.19188
8e-07,0.1983
8.0042e-07,0.20471
8.0083e-07,0.21111
8.0125e-07,0.2175
8.0167e-07,0.22389
8.0208e-07,0.23026
8.025e-07,0.23662
8.0292e-07,0.24298
8.0333e-07,0.24932
8.0375e-07,0.25566
8.0417e-07,0.26198
8.0458e-07,0.26829
8.05e-07,0.27459
8.0542e-07,0.28087
8.0583e-07,0.28715
8.0625e-07,0.29341
8.0667e-07,0.29966
8.0708e-07,0.3059
8.075e-07,0.31213
8.0792e-07,0.31834
8.0833e-07,0.32453
8.0875e-07,0.33072
8.0917e-07,0.33689
8.0958e-07,0.34304
8.1e-07,0.34918
8.1042e-07,0.35531
8.1083e-07,0.36142
8.1125e-07,0.36751
8.1167e-07,0.37359
8.1208e-07,0.37966
8.125e-07,0.3857
8.1292e-07,0.39173
8.1333e-07,0.39775
8.1375e-07,0.40374
8.1417e-07,0.40972
8.1458e-07,0.41568
8.15e-07,0.42163
8.1542e-07,0.42755
8.1583e-07,0.43346
8.1625e-07,0.43935
8.1667e-07,0.44522
8.1708e-07,0.45107
8.175e-07,0.4569
8.1792e-07,0.46271
8.1833e-07,0.46851
8.1875e-07,0.47428
8.1917e-07,0.48003
8.1958e-07,0.48576
8.2e-07,0.49147
8.2042e-07,0.49716
8.2083e-07,0.50283
8.2125e-07,0.50847
8.2167e-07,0.5141
8.2208e-07,0.5197
8.225e-07,0.52528
8.2292e-07,0.53084
8.2333e-07,0.53638
8.2375e-07,0.54189
8.2417e-07,0.54738
8.2458e-07,0.55284
8.25e-07,0.55828
8.2542e-07,0.5637
8.2583e-07,0.5691
8.2625e-07,0.57447
8.2667e-07,0.57981
8.2708e-07,0.58513
8.275e-07,0.59043
8.2792e-07,0.5957
8.2833e-07,0.60094
8.2875e-07,0.60616
8.2917e-07,0.61135
8.2958e-07,0.61652
8.3e-07,0.62166
8.3042e-07,0.62677
8.3083e-07,0.63186
8.3125e-07,0.63692
8.3167e-07,0.64195
8.3208e-07,0.64695
8.325e-07,0.65193
8.3292e-07,0.65688
8.3333e-07,0.6618
8.3375e-07,0.66669
8.3417e-07,0.67155
8.3458e-07,0.67639
8.35e-07,0.6812
8.3542e-07,0.68597
8.3583e-07,0.69072
8.3625e-07,0.69544
8.3667e-07,0.70013
8.3708e-07,0.70478
8.375e-07,0.70941
8.3792e-07,0.71401
8.3833e-07,0.71858
8.3875e-07,0.72311
8.3917e-07,0.72762
8.3958e-07,0.73209
8.4e-07,0.73654
8.4042e-07,0.74095
8.4083e-07,0.74533
8.4125e-07,0.74967
8.4167e-07,0.75399
8.4208e-07,0.75827
8.425e-07,0.76252
8.4292e-07,0.76674
8.4333e-07,0.77093
8.4375e-07,0.77508
8.4417e-07,0.7792
8.4458e-07,0.78328
8.45e-07,0.78733
8.4542e-07,0.79135
8.4583e-07,0.79534
8.4625e-07,0.79929
8.4667e-07,0.8032
8.4708e-07,0.80708
8.475e-07,0.81093
8.4792e-07,0.81474
8.4833e-07,0.81852
8.4875e-07,0.82226
8.4917e-07,0.82597
8.4958e-07,0.82964
8.5e-07,0.83328
8.5042e-07,0.83688
8.5083e-07,0.84044
8.5125e-07,0.84397
8.5167e-07,0.84746
8.5208e-07,0.85092
8.525e-07,0.85434
8.5292e-07,0.85772
8.5333e-07,0.86107
8.5375e-07,0.86438
8.5417e-07,0.86765
8.5458e-07,0.87089
8.55e-07,0.87408
8.5542e-07,0.87725
8.5583e-07,0.88037
8.5625e-07,0.88345
8.5667e-07,0.8865
8.5708e-07,0.88951
8.575e-07,0.89248
8.5792e-07,0.89542
8.5833e-07,0.89831
8.5875e-07,0.90117
8.5917e-07,0.90398
8.5958e-07,0.90676
8.6e-07,0.9095
8.6042e-07,0.9122
8.6083e-07,0.91487
8.6125e-07,0.91749
8.6167e-07,0.92007
8.6208e-07,0.92262
8.625e-07,0.92512
8.6292e-07,0.92759
8.6333e-07,0.93001
8.6375e-07,0.9324
8.6417e-07,0.93474
8.6458e-07,0.93705
8.65e-07,0.93931
8.6542e-07,0.94154
8.6583e-07,0.94372
8.6625e-07,0.94587
8.6667e-07,0.94797
8.6708e-07,0.95003
8.675e-07,0.95206
8.6792e-07,0.95404
8.6833e-07,0.95598
8.6875e-07,0.95788
8.6917e-07,0.95974
8.6958e-07,0.96156
8.7e-07,0.96333
8.7042e-07,0.96507
8.7083e-07,0.96676
8.7125e-07,0.96841
8.7167e-07,0.97003
8.7208e-07,0.97159
8.725e-07,0.97312
8.7292e-07,0.97461
8.7333e-07,0.97605
8.7375e-07,0.97746
8.7417e-07,0.97882
8.7458e-07,0.98014
8.75e-07,0.98141
8.7542e-07,0.98265
8.7583e-07,0.98384
8.7625e-07,0.98499
8.7667e-07,0.9861
8.7708e-07,0.98717
8.775e-07,0.98819
8.7792e-07,0.98917
8.7833e-07,0.99011
8.7875e-07,0.99101
8.7917e-07,0.99186
8.7958e-07,0.99267
8.8e-07,0.99344
8.8042e-07,0.99417
8.8083e-07,0.99485
8.8125e-07,0.99549
8.8167e-07,0.99609
8.8208e-07,0.99665
8.825e-07,0.99716
8.8292e-07,0.99763
8.8333e-07,0.99806
8.8375e-07,0.99845
8.8417e-07,0.99879
8.8458e-07,0.99909
8.85e-07,0.99935
8.8542e-07,0.99956
8.8583e-07,0.99973
8.8625e-07,0.99986
8.8667e-07,0.99995
8.8708e-07,0.99999
8.875e-07,0.99999
8.8792e-07,0.99995
8.8833e-07,0.99986
8.8875e-07,0.99973
8.8917e-07,0.99956
8.8958e-07,0.99935
8.9e-07,0.99909
8.9042e-07,0.99879
8.9083e-07,0.99845
8.9125e-07,0.99806
8.9167e-07,0.99763
8.9208e-07,0.99716
8.925e-07,0.99665
8.9292e-07,0.99609
8.9333e-07,0.99549
8.9375e-07,0.99485
8.9417e-07,0.99417
8.9458e-07,0.99344
8.95e-07,0.99267
8.9542e-07,0.99186
8.9583e-07,0.99101
8.9625e-07,0.99011
8.9667e-07,0.98917
8.9708e-07,0.98819
8.975e-07,0.98717
8.9792e-07,0.9861
8.9833e-07,0.98499
8.9875e-07,0.98384
8.9917e-07,0.98265
8.9958e-07,0.98141
9e-07,0.98014
9.0042e-07,0.97882
9.0083e-07,0.97746
9.0125e-07,0.97605
9.0167e-07,0.97461
9.0208e-07,0.97312
9.025e-07,0.97159
9.0292e-07,0.97003
9.0333e-07,0.96841
9.0375e-07,0.96676
9.0417e-07,0.96507
9.0458e-07,0.96333
9.05e-07,0.96156
9.0542e-07,0.95974
9.0583e-07,0.95788
9.0625e-07,0.95598
9.0667e-07,0.95404
9.0708e-07,0.95206
9.075e-07,0.95003
9.0792e-07,0.94797
9.0833e-07,0.94587
9.0875e-07,0.94372
9.0917e-07,0.94154
9.0958e-07,0.93931
9.1e-07,0.93705
9.1042e-07,0.93474
9.1083e-07,0.9324
9.1125e-07,0.93001
9.1167e-07,0.92759
9.1208e-07,0.92512
9.125e-07,0.92262
9.1292e-07,0.92007
9.1333e-07,0.91749
9.1375e-07,0.91487
9.1417e-07,0.9122
9.1458e-07,0.9095
9.15e-07,0.90676
9.1542e-07,0.90398
9.1583e-07,0.90117
9.1625e-07,0.89831
9.1667e-07,0.89542
9.1708e-07,0.89248
9.175e-07,0.88951
9.1792e-07,0.8865
9.1833e-07,0.88345
9.1875e-07,0.88037
9.1917e-07,0.87725
9.1958e-07,0.87408
9.2e-07,0.87089
9.2042e-07,0.86765
9.2083e-07,0.86438
9.2125e-07,0.86107
9.2167e-07,0.85772
9.2208e-07,0.85434
9.225e-07,0.85092
9.2292e-07,0.84746
9.2333e-07,0.84397
9.2375e-07,0.84044
9.2417e-07,0.83688
9.2458e-07,0.83328
9.25e-07,0.82964
9.2542e-07,0.82597
9.2583e-07,0.82226
9.2625e-07,0.81852
9.2667e-07,0.81474
9.2708e-07,0.81093
9.275e-07,0.80708
9.2792e-07,0.8032
9.2833e-07,0.79929
9.2875e-07,0.79534
9.2917e-07,0.79135
9.2958e-07,0.78733
9.3e-07,0.78328
9.3042e-07,0.7792
9.3083e-07,0.77508
9.3125e-07,0.77093
9.3167e-07,0.76674
9.3208e-07,0.76252
9.325e-07,0.75827
9.3292e-07,0.75399
9.3333e-07,0.74967
9.3375e-07,0.74533
9.3417e-07,0.74095
9.3458e-07,0.73654
9.35e-07,0.73209
9.3542e-07,0.72762
9.3583e-07,0.72311
9.3625e-07,0.71858
9.3667e-07,0.71401
9.3708e-07,0.70933
9.375e-07,0.70001
9.3792e-07,0.68594
9.3833e-07,0.67152
9.3875e-07,0.65685
9.3917e-07,0.64192
9.3958e-07,0.62674
9.4e-07,0.61132
9.4042e-07,0.59567
9.4083e-07,0.57978
9.4125e-07,0.56368
9.4167e-07,0.54735
9.4208e-07,0.53081
9.425e-07,0.51407
9.4292e-07,0.49714
9.4333e-07,0.48001
9.4375e-07,0.46269
9.4417e-07,0.4452
9.4458e-07,0.42753
9.45e-07,0.4097
9.4542e-07,0.39171
9.4583e-07,0.37357
9.4625e-07,0.35529
9.4667e-07,0.33687
9.4708e-07,0.31832
9.475e-07,0.29965
9.4792e-07,0.28086
9.4833e-07,0.26196
9.4875e-07,0.24297
9.4917e-07,0.22388
9.4958e-07,0.2047
9.5e-07,0.18544
9.5042e-07,0.16611
9.5083e-07,0.14672
9.5125e-07,0.12727
9.5167e-07,0.10778
9.5208e-07,0.088238
9.525e-07,0.068664
9.5292e-07,0.049065
9.5333e-07,0.029447
9.5375e-07,0.0098168
9.5417e-07,-0.0098168
9.5458e-07,-0.029447
9.55e-07,-0.049065
9.5542e-07,-0.068664
9.5583e-07,-0.088238
9.5625e-07,-0.10778
9.5667e-07,-0.12727
9.5708e-07,-0.14672
9.575e-07,-0.16611
9.5792e-07,-0.18544
9.5833e-07,-0.2047
9.5875e-07,-0.22388
9.5917e-07,-0.24297
9.5958e-07,-0.26196
9.6e-07,-0.28086
9.6042e-07,-0.29965
9.6083e-07,-0.31832
9.6125e-07,-0.33687
9.6167e-07,-0.35529
9.6208e-07,-0.37357
9.625e-07,-0.39171
9.6292e-07,-0.4097
9.6333e-07,-0.42753
9.6375e-07,-0.4452
9.6417e-07,-0.46269
9.6458e-07,-0.48001
9.65e-07,-0.49714
9.6542e-07,-0.51407
9.6583e-07,-0.53081
9.6625e-07,-0.54735
9.6667e-07,-0.56368
9.6708e-07,-0.57978
9.675e-07,-0.59567
9.6792e-07,-0.61132
9.6833e-07,-0.62674
9.6875e-07,-0.64192
9.6917e-07,-0.65685
9.6958e-07,-0.67152
9.7e-07,-0.68594
9.7042e-07,-0.70009
9.7083e-07,-0.71398
9.7125e-07,-0.72758
9.7167e-07,-0.74091
9.7208e-07,-0.75395
9.725e-07,-0.7667
9.7292e-07,-0.77916
9.7333e-07,-0.79131
9.7375e-07,-0.80316
9.7417e-07,-0.8147
9.7458e-07,-0.82593
9.75e-07,-0.83684
9.7542e-07,-0.84742
9.7583e-07,-0.85768
9.7625e-07,-0.86761
9.7667e-07,-0.8772
9.7708e-07,-0.88646
9.775e-07,-0.89537
9.7792e-07,-0.90394
9.7833e-07,-0.91216
9.7875e-07,-0.92003
9.7917e-07,-0.92754
9.7958e-07,-0.9347
9.8e-07,-0.94149
9.8042e-07,-0.94792
9.8083e-07,-0.95399
9.8125e-07,-0.95969
9.8167e-07,-0.96502
9.8208e-07,-0.96998
9.825e-07,-0.97456
9.8292e-07,-0.97877
9.8333e-07,-0.9826
9.8375e-07,-0.98605
9.8417e-07,-0.98912
9.8458e-07,-0.99181
9.85e-07,-0.99412
9.8542e-07,-0.99604
9.8583e-07,-0.99758
9.8625e-07,-0.99874
9.8667e-07,-0.99951
9.8708e-07,-0.9999
9.875e-07,-0.9999
9.8792e-07,-0.99951
9.8833e-07,-0.99874
9.8875e-07,-0.99758
9.8917e-07,-0.99604
9.8958e-07,-0.99412
9.9e-07,-0.99181
9.9042e-07,-0.98912
9.9083e-07,-0.98605
9.9125e-07,-0.9826
9.9167e-07,-0.97877
9.9208e-07,-0.97456
9.925e-07,-0.96998
9.9292e-07,-0.96502
9.9333e-07,-0.95969
9.9375e-07,-0.95399
9.9417e-07,-0.94792
9.9458e-07,-0.94149
9.95e-07,-0.9347
9.9542e-07,-0.92754
9.9583e-07,-0.92003
9.9625e-07,-0.91216
9.9667e-07,-0.90394
9.9708e-07,-0.89537
9.975e-07,-0.88646
9.9792e-07,-0.8772
9.9833e-07,-0.86761
9.9875e-07,-0.85768
9.9917e-07,-0.84742
9.9958e-07,-0.83684
1e-06,-0.82593
1.0004e-06,-0.8147
1.0008e-06,-0.80316
1.0013e-06,-0.79131
1.0017e-06,-0.77916
1.0021e-06,-0.7667
1.0025e-06,-0.75395
1.0029e-06,-0.74091
1.0033e-06,-0.72758
1.0038e-06,-0.71398
1.0042e-06,-0.70009
1.0046e-06,-0.68594
1.005e-06,-0.67152
1.0054e-06,-0.65685
1.0058e-06,-0.64192
1.0063e-06,-0.62674
1.0067e-06,-0.61132
1.0071e-06,-0.59567
1.0075e-06,-0.57978
1.0079e-06,-0.56368
1.0083e-06,-0.54735
1.0088e-06,-0.53081
1.0092e-06,-0.51407
1.0096e-06,-0.49714
1.01e-06,-0.48001
1.0104e-06,-0.46269
1.0108e-06,-0.4452
1.0113e-06,-0.42753
1.0117e-06,-0.4097
1.0121e-06,-0.39171
1.0125e-06,-0.37357
1.0129e-06,-0.35529
1.0133e-06,-0.33687
1.0138e-06,-0.31832
1.0142e-06,-0.29965
1.0146e-06,-0.28086
1.015e-06,-0.26196
1.0154e-06,-0.24297
1.0158e-06,-0.22388
1.0163e-06,-0.2047
1.0167e-06,-0.18544
1.0171e-06,-0.16611
1.0175e-06,-0.14672
1.0179e-06,-0.12727
1.0183e-06,-0.10778
1.0188e-06,-0.088238
1.0192e-06,-0.068664
1.0196e-06,-0.049065
1.02e-06,-0.029447
1.0204e-06,-0.0098168
1.0208e-06,0.0098168
1.0213e-06,0.029447
1.0217e-06,0.049065
1.0221e-06,0.068664
1.0225e-06,0.088238
1.0229e-06,0.10778
1.0233e-06,0.12727
1.0238e-06,0.14672
1.0242e-06,0.16611
1.0246e-06,0.18544
1.025e-06,0.2047
1.0254e-06,0.22388
1.0258e-06,0.24297
1.0263e-06,0.26196
1.0267e-06,0.28086
1.0271e-06,0.29965
1.0275e-06,0.31832
1.0279e-06,0.33687
1.0283e-06,0.35529
1.0288e-06,0.37357
1.0292e-06,0.39171
1.0296e-06,0.4097
1.03e-06,0.42753
1.0304e-06,0.4452
1.0308e-06,0.46269
1.0313e-06,0.48001
1.0317e-06,0.49714
1.0321e-06,0.51407
1.0325e-06,0.53081
1.0329e-06,0.54735
1.0333e-06,0.56368
1.0338e-06,0.57978
1.0342e-06,0.59567
1.0346e-06,0.61132
1.035e-06,0.62674
1.0354e-06,0.64192
1.0358e-06,0.65685
1.0363e-06,0.67152
1.0367e-06,0.68594
1.0371e-06,0.70009
1.0375e-06,0.71398
1.0379e-06,0.72758
1.0383e-06,0.74091
1.0388e-06,0.75395
1.0392e-06,0.7667
1.0396e-06,0.77916
1.04e-06,0.79131
1.0404e-06,0.80316
1.0408e-06,0.8147
1.0413e-06,0.82593
1.0417e-06,0.83684
1.0421e-06,0.84742
1.0425e-06,0.85768
1.0429e-06,0.86761
1.0433e-06,0.8772
1.0438e-06,0.88646
1.0442e-06,0.89537
1.0446e-06,0.90394
1.045e-06,0.91216
1.0454e-06,0.92003
1.0458e-06,0.92754
1.0463e-06,0.9347
1.0467e-06,0.94149
1.0471e-06,0.94792
1.0475e-06,0.95399
1.0479e-06,0.95969
1.0483e-06,0.96502
1.0488e-06,0.96998
1.0492e-06,0.97456
1.0496e-06,0.97877
1.05e-06,0.9826
1.0504e-06,0.98605
1.0508e-06,0.98912
1.0513e-06,0.99181
1.0517e-06,0.99412
1.0521e-06,0.99604
1.0525e-06,0.99758
1.0529e-06,0.99874
1.0533e-06,0.99951
1.0538e-06,0.9999
1.0542e-06,0.9999
1.0546e-06,0.99951
1.055e-06,0.99874
1.0554e-06,0.99758
1.0558e-06,0.99604
1.0563e-06,0.99412
1.0567e-06,0.99181
1.0571e-06,0.98912
1.0575e-06,0.98605
1.0579e-06,0.9826
1.0583e-06,0.97877
1.0588e-06,0.97456
1.0592e-06,0.96998
1.0596e-06,0.96502
1.06e-06,0.95969
1.0604e-06,0.95399
1.0608e-06,0.94792
1.0613e-06,0.94149
1.0617e-06,0.9347
1.0621e-06,0.92754
1.0625e-06,0.92003
1.0629e-06,0.91216
1.0633e-06,0.90394
1.0638e-06,0.89537
1.0642e-06,0.88646
1.0646e-06,0.8772
1.065e-06,0.86761
1.0654e-06,0.85768
1.0658e-06,0.84742
1.0663e-06,0.83684
1.0667e-06,0.82593
1.0671e-06,0.8147
1.0675e-06,0.80316
1.0679e-06,0.79131
1.0683e-06,0.77916
1.0688e-06,0.7667
1.0692e-06,0.75395
1.0696e-06,0.74091
1.07e-06,0.72758
1.0704e-06,0.71398
1.0708e-06,0.70009
1.0713e-06,0.68594
1.0717e-06,0.67152
1.0721e-06,0.65685
1.0725e-06,0.64192
1.0729e-06,0.62674
1.0733e-06,0.61132
1.0738e-06,0.59567
1.0742e-06,0.57978
1.0746e-06,0.56368
1.075e-06,0.54735
1.0754e-06,0.53081
1.0758e-06,0.51407
1.0763e-06,0.49714
1.0767e-06,0.48001
1.0771e-06,0.46269
1.0775e-06,0.4452
1.0779e-06,0.42753
1.0783e-06,0.4097
1.0788e-06,0.39171
1.0792e-06,0.37357
1.0796e-06,0.35529
1.08e-06,0.33687
1.0804e-06,0.31832
1.0808e-06,0.29965
1.0813e-06,0.28086
1.0817e-06,0.26196
1.0821e-06,0.24297
1.0825e-06,0.22388
1.0829e-06,0.2047
1.0833e-06,0.18544
1.0838e-06,0.16611
1.0842e-06,0.14672
1.0846e-06,0.12727
1.085e-06,0.10778
1.0854e-06,0.088238
1.0858e-06,0.068664
1.0863e-06,0.049065
1.0867e-06,0.029447
1.0871e-06,0.0098168
1.0875e-06,-0.0098168
1.0879e-06,-0.029447
1.0883e-06,-0.049065
1.0888e-06,-0.068664
1.0892e-06,-0.088238
1.0896e-06,-0.10778
1.09e-06,-0.12727
1.0904e-06,-0.14672
1.0908e-06,-0.16611
1.0913e-06,-0.18544
1.0917e-06,-0.2047
1.0921e-06,-0.22388
1.0925e-06,-0.24297
1.0929e-06,-0.26196
1.0933e-06,-0.28086
1.0938e-06,-0.29965
1.0942e-06,-0.31832
1.0946e-06,-0.33687
1.095e-06,-0.35529
1.0954e-06,-0.37357
1.0958e-06,-0.39171
1.0963e-06,-0.4097
1.0967e-06,-0.42753
1.0971e-06,-0.4452
1.0975e-06,-0.46269
1.0979e-06,-0.48001
1.0983e-06,-0.49714
1.0988e-06,-0.51407
1.0992e-06,-0.53081
1.0996e-06,-0.54735
1.1e-06,-0.56368
1.1004e-06,-0.57978
1.1008e-06,-0.59567
1.1013e-06,-0.61132
1.1017e-06,-0.62674
1.1021e-06,-0.64192
1.1025e-06,-0.65685
1.1029e-06,-0.67152
1.1033e-06,-0.68594
1.1038e-06,-0.70009
1.1042e-06,-0.71398
1.1046e-06,-0.72758
1.105e-06,-0.74091
1.1054e-06,-0.75395
1.1058e-06,-0.7667
1.1063e-06,-0.77916
1.1067e-06,-0.79131
1.1071e-06,-0.80316
1.1075e-06,-0.8147
1.1079e-06,-0.82593
1.1083e-06,-0.83684
1.1088e-06,-0.84742
1.1092e-06,-0.85768
1.1096e-06,-0.86761
1.11e-06,-0.8772
1.1104e-06,-0.88646
1.1108e-06,-0.89537
1.1113e-06,-0.90394
1.1117e-06,-0.91216
1.1121e-06,-0.92003
1.1125e-06,-0.92754
1.1129e-06,-0.9347
1.1133e-06,-0.94149
1.1138e-06,-0.94792
1.1142e-06,-0.95399
1.1146e-06,-0.95969
1.115e-06,-0.96502
1.1154e-06,-0.96998
1.1158e-06,-0.97456
1.1163e-06,-0.97877
1.1167e-06,-0.9826
1.1171e-06,-0.98605
1.1175e-06,-0.98912
1.1179e-06,-0.99181
1.1183e-06,-0.99412
1.1188e-06,-0.99604
1.1192e-06,-0.99758
1.1196e-06,-0.99874
1.12e-06,-0.99951
1.1204e-06,-0.9999
1.1208e-06,-0.9999
1.1213e-06,-0.99951
1.1217e-06,-0.99874
1.1221e-06,-0.99758
1.1225e-06,-0.99604
1.1229e-06,-0.99412
1.1233e-06,-0.99181
1.1238e-06,-0.98912
1.1242e-06,-0.98605
1.1246e-06,-0.9826
1.125e-06,-0.97877
1.1254e-06,-0.97456
1.1258e-06,-0.96998
1.1263e-06,-0.96502
1.1267e-06,-0.95969
1.1271e-06,-0.95399
1.1275e-06,-0.94792
1.1279e-06,-0.94149
1.1283e-06,-0.9347
1.1288e-06,-0.92754
1.1292e-06,-0.92003
1.1296e-06,-0.91216
1.13e-06,-0.90394
1.1304e-06,-0.89537
1.1308e-06,-0.88646
1.1313e-06,-0.8772
1.1317e-06,-0.86761
1.1321e-06,-0.85768
1.1325e-06,-0.84742
1.1329e-06,-0.83684
1.1333e-06,-0.82593
1.1338e-06,-0.8147
1.1342e-06,-0.80316
1.1346e-06,-0.79131
1.135e-06,-0.77916
1.1354e-06,-0.7667
1.1358e-06,-0.75395
1.1363e-06,-0.74091
1.1367e-06,-0.72758
1.1371e-06,-0.71398
1.1375e-06,-0.70009
1.1379e-06,-0.68594
1.1383e-06,-0.67152
1.1388e-06,-0.65685
1.1392e-06,-0.64192
1.1396e-06,-0.62674
1.14e-06,-0.61132
1.1404e-06,-0.59567
1.1408e-06,-0.57978
1.1413e-06,-0.56368
1.1417e-06,-0.54735
1.1421e-06,-0.53081
1.1425e-06,-0.51407
1.1429e-06,-0.49714
1.1433e-06,-0.48001
1.1438e-06,-0.46269
1.1442e-06,-0.4452
1.1446e-06,-0.42753
1.145e-06,-0.4097
1.1454e-06,-0.39182
1.1458e-06,-0.37976
1.1463e-06,-0.37359
1.1467e-06,-0.36751
1.1471e-06,-0.36142
1.1475e-06,-0.35531
1.1479e-06,-0.34918
1.1483e-06,-0.34304
1.1488e-06,-0.33689
1.1492e-06,-0.33072
1.1496e-06,-0.32453
1.15e-06,-0.31834
1.1504e-06,-0.31213
1.1508e-06,-0.3059
1.1513e-06,-0.29966
1.1517e-06,-0.29341
1.1521e-06,-0.28715
1.1525e-06,-0.28087
1.1529e-06,-0.27459
1.1533e-06,-0.26829
1.1538e-06,-0.26198
1.1542e-06,-0.25566
1.1546e-06,-0.24932
1.155e-06,-0.24298
1.1554e-06,-0.23662
1.1558e-06,-0.23026
1.1563e-06,-0.22389
1.1567e-06,-0.2175
1.1571e-06,-0.21111
1.1575e-06,-0.20471
1.1579e-06,-0.1983
1.1583e-06,-0.19188
1.1588e-06,-0.18545
1.1592e-06,-0.17902
1.1596e-06,-0.17257
1.16e-06,-0.16612
1.1604e-06,-0.15966
1.1608e-06,-0.1532
1.1613e-06,-0.14673
1.1617e-06,-0.14025
1.1621e-06,-0.13377
1.1625e-06,-0.12728
1.1629e-06,-0.12079
1.1633e-06,-0.11429
1.1638e-06,-0.10778
1.1642e-06,-0.10127
1.1646e-06,-0.094759
1.165e-06,-0.088242
1.1654e-06,-0.081721
1.1658e-06,-0.075196
1.1663e-06,-0.068668
1.1667e-06,-0.062137
1.1671e-06,-0.055603
1.1675e-06,-0.049067
1.1679e-06,-0.042529
1.1683e-06,-0.035989
1.1688e-06,-0.029448
1.1692e-06,-0.022905
1.1696e-06,-0.016362
1.17e-06,-0.0098173
1.1704e-06,-0.0032725
1.1708e-06,0.0032725
1.1713e-06,0.0098173
1.1717e-06,0.016362
1.1721e-06,0.022905
1.1725e-06,0.029448
1.1729e-06,0.035989
1.1733e-06,0.042529
1.1738e-06,0.049067
1.1742e-06,0.055603
1.1746e-06,0.062137
1.175e-06,0.068668
1.1754e-06,0.075196
1.1758e-06,0.081721
1.1763e-06,0.088242
1.1767e-06,0.094759
1.1771e-06,0.10127
1.1775e-06,0.10778
1.1779e-06,0.11429
1.1783e-06,0.12079
1.1788e-06,0.12728
1.1792e-06,0.13377
1.1796e-06,0.14025
1.18e-06,0.14673
1.1804e-06,0.1532
1.1808e-06,0.15966
1.1813e-06,0.16612
1.1817e-06,0.17257
1.1821e-06,0.17902
1.1825e-06,0.18545
1.1829e-06,0.19188
1.1833e-06,0.1983
1.1838e-06,0.20471
1.1842e-06,0.21111
1.1846e-06,0.2175
1.185e-06,0.22389
1.1854e-06,0.23026
1.1858e-06,0.23662
1.1863e-06,0.24298
1.1867e-06,0.24932
1.1871e-06,0.25566
1.1875e-06,0.26198
1.1879e-06,0.26829
1.1883e-06,0.27459
1.1888e-06,0.28087
1.1892e-06,0.28715
1.1896e-06,0.29341
1.19e-06,0.29966
1.1904e-06,0.3059
1.1908e-06,0.31213
1.1913e-06,0.31834
1.1917e-06,0.32453
1.1921e-06,0.33072
1.1925e-06,0.33689
1.1929e-06,0.34304
1.1933e-06,0.34918
1.1938e-06,0.35531
1.1942e-06,0.36142
1.1946e-06,0.36751
1.195e-06,0.37359
1.1954e-06,0.37966
1.1958e-06,0.3857
1.1963e-06,0.39173
1.1967e-06,0.39775
1.1971e-06,0.40374
1.1975e-06,0.40972
1.1979e-06,0.41568
1.1983e-06,0.42163
1.1988e-06,0.42755
1.1992e-06,0.43346
1.1996e-06,0.43935
1.2e-06,0.44522
1.2004e-06,0.45107
1.2008e-06,0.4569
1.2013e-06,0.46271
1.2017e-06,0.46851
1.2021e-06,0.47428
1.2025e-06,0.48003
1.2029e-06,0.48576
1.2033e-06,0.49147
1.2038e-06,0.49716
1.2042e-06,0.50283
1.2046e-06,0.50847
1.205e-06,0.5141
1.2054e-06,0.5197
1.2058e-06,0.52528
1.2063e-06,0.53084
1.2067e-06,0.53638
1.2071e-06,0.54189
1.2075e-06,0.54738
1.2079e-06,0.55284
1.2083e-06,0.55828
1.2088e-06,0.5637
1.2092e-06,0.5691
1.2096e-06,0.57447
1.21e-06,0.57981
1.2104e-06,0.58513
1.2108e-06,0.59043
1.2113e-06,0.5957
1.2117e-06,0.60094
1.2121e-06,0.60616
1.2125e-06,0.61135
1.2129e-06,0.61652
1.2133e-06,0.62166
1.2138e-06,0.62677
1.2142e-06,0.63186
1.2146e-06,0.63692
1.215e-06,0.64195
1.2154e-06,0.64695
1.2158e-06,0.65193
1.2163e-06,0.65688
1.2167e-06,0.6618
1.2171e-06,0.66669
1.2175e-06,0.67155
1.2179e-06,0.67639
1.2183e-06,0.6812
1.2188e-06,0.68597
1.2192e-06,0.69072
1.2196e-06,0.69544
1.22e-06,0.70013
1.2204e-06,0.70478
1.2208e-06,0.70941
1.2213e-06,0.71401
1.2217e-06,0.71858
1.2221e-06,0.72311
1.2225e-06,0.72762
1.2229e-06,0.73209
1.2233e-06,0.73654
1.2238e-06,0.74095
1.2242e-06,0.74533
1.2246e-06,0.74967
1.225e-06,0.75399
1.2254e-06,0.75827
1.2258e-06,0.76252
1.2263e-06,0.76674
1.2267e-06,0.77093
1.2271e-06,0.77508
1.2275e-06,0.7792
1.2279e-06,0.78328
1.2283e-06,0.78733
1.2288e-06,0.79135
1.2292e-06,0.79534
1.2296e-06,0.79929
1.23e-06,0.8032
1.2304e-06,0.80708
1.2308e-06,0.81093
1.2313e-06,0.81474
1.2317e-06,0.81852
1.2321e-06,0.82226
1.2325e-06,0.82597
1.2329e-06,0.82964
1.2333e-06,0.83328
1.2338e-06,0.83688
1.2342e-06,0.84044
1.2346e-06,0.84397
1.235e-06,0.84746
1.2354e-06,0.85092
1.2358e-06,0.85434
1.2363e-06,0.85772
1.2367e-06,0.86107
1.2371e-06,0.86438
1.2375e-06,0.86765
1.2379e-06,0.87089
1.2383e-06,0.87408
1.2388e-06,0.87725
1.2392e-06,0.88037
1.2396e-06,0.88345
1.24e-06,0.8865
1.2404e-06,0.88951
1.2408e-06,0.89248
1.2413e-06,0.89542
1.2417e-06,0.89831
1.2421e-06,0.90117
1.2425e-06,0.90398
1.2429e-06,0.90676
1.2433e-06,0.9095
1.2438e-06,0.9122
1.2442e-06,0.91487
1.2446e-06,0.91749
1.245e-06,0.92007
1.2454e-06,0.92262
1.2458e-06,0.92512
1.2463e-06,0.92759
1.2467e-06,0.93001
1.2471e-06,0.9324
1.2475e-06,0.93474
1.2479e-06,0.93705
1.2483e-06,0.93931
1.2488e-06,0.94154
1.2492e-06,0.94372
1.2496e-06,0.94587
1.25e-06,0.94797
1.2504e-06,0.95003
1.2508e-06,0.95206
1.2513e-06,0.95404
1.2517e-06,0.95598
1.2521e-06,0.95788
1.2525e-06,0.95974
1.2529e-06,0.96156
1.2533e-06,0.96333
1.2538e-06,0.96507
1.2542e-06,0.96676
1.2546e-06,0.96841
1.255e-06,0.97003
1.2554e-06,0.97159
1.2558e-06,0.97312
1.2563e-06,0.97461
1.2567e-06,0.97605
1.2571e-06,0.97746
1.2575e-06,0.97882
1.2579e-06,0.98014
1.2583e-06,0.98141
1.2588e-06,0.98265
1.2592e-06,0.98384
1.2596e-06,0.98499
1.26e-06,0.9861
1.2604e-06,0.98717
1.2608e-06,0.98819
1.2613e-06,0.98917
1.2617e-06,0.99011
1.2621e-06,0.99101
1.2625e-06,0.99186
1.2629e-06,0.99267
1.2633e-06,0.99344
1.2638e-06,0.99417
1.2642e-06,0.99485
1.2646e-06,0.99549
1.265e-06,0.99609
1.2654e-06,0.99665
1.2658e-06,0.99716
1.2663e-06,0.99763
1.2667e-06,0.99806
1.2671e-06,0.99845
1.2675e-06,0.99879
1.2679e-06,0.99909
1.2683e-06,0.99935
1.2688e-06,0.99956
1.2692e-06,0.99973
1.2696e-06,0.99986
1.27e-06,0.99995
1.2704e-06,0.99999
1.2708e-06,0.99999
1.2713e-06,0.99995
1.2717e-06,0.99986
1.2721e-06,0.99973
1.2725e-06,0.99956
1.2729e-06,0.99935
1.2733e-06,0.99909
1.2738e-06,0.99879
1.2742e-06,0.99845
1.2746e-06,0.99806
1.275e-06,0.99763
1.2754e-06,0.99716
1.2758e-06,0.99665
1.2763e-06,0.99609
1.2767e-06,0.99549
1.2771e-06,0.99485
1.2775e-06,0.99417
1.2779e-06,0.99344
1.2783e-06,0.99267
1.2788e-06,0.99186
1.2792e-06,0.99101
1.2796e-06,0.99011
1.28e-06,0.98917
1.2804e-06,0.98819
1.2808e-06,0.98717
1.2813e-06,0.9861
1.2817e-06,0.98499
1.2821e-06,0.98384
1.2825e-06,0.98265
1.2829e-06,0.98141
1.2833e-06,0.98014
1.2838e-06,0.97882
1.2842e-06,0.97746
1.2846e-06,0.97605
1.285e-06,0.97461
1.2854e-06,0.97312
1.2858e-06,0.97159
1.2863e-06,0.97003
1.2867e-06,0.96841
1.2871e-06,0.96676
1.2875e-06,0.96507
1.2879e-06,0.96333
1.2883e-06,0.96156
1.2888e-06,0.95974
1.2892e-06,0.95788
1.2896e-06,0.95598
1.29e-06,0.95404
1.2904e-06,0.95206
1.2908e-06,0.95003
1.2913e-06,0.94797
1.2917e-06,0.94587
1.2921e-06,0.94372
1.2925e-06,0.94154
1.2929e-06,0.93931
1.2933e-06,0.93705
1.2938e-06,0.93474
1.2942e-06,0.9324
1.2946e-06,0.93001
1.295e-06,0.92759
1.2954e-06,0.92512
1.2958e-06,0.92262
1.2963e-06,0.92007
1.2967e-06,0.91749
1.2971e-06,0.91487
1.2975e-06,0.9122
1.2979e-06,0.9095
1.2983e-06,0.90676
1.2988e-06,0.90398
1.2992e-06,0.90117
1.2996e-06,0.89831
1.3e-06,0.89542
1.3004e-06,0.89248
1.3008e-06,0.88951
1.3013e-06,0.8865
1.3017e-06,0.88345
1.3021e-06,0.88037
1.3025e-06,0.87725
1.3029e-06,0.87408
1.3033e-06,0.87089
1.3038e-06,0.86765
1.3042e-06,0.86438
1.3046e-06,0.86107
1.305e-06,0.85772
1.3054e-06,0.85434
1.3058e-06,0.85092
1.3063e-06,0.84746
1.3067e-06,0.84397
1.3071e-06,0.84044
1.3075e-06,0.83688
1.3079e-06,0.83328
1.3083e-06,0.82964
1.3088e-06,0.82597
1.3092e-06,0.82226
1.3096e-06,0.81852
1.31e-06,0.81474
1.3104e-06,0.81093
1.3108e-06,0.80708
1.3113e-06,0.8032
1.3117e-06,0.79929
1.3121e-06,0.79534
1.3125e-06,0.79135
1.3129e-06,0.78733
1.3133e-06,0.78328
1.3138e-06,0.7792
1.3142e-06,0.77508
1.3146e-06,0.77093
1.315e-06,0.76674
1.3154e-06,0.76252
1.3158e-06,0.75827
1.3163e-06,0.75399
1.3167e-06,0.74967
1.3171e-06,0.74533
1.3175e-06,0.74095
1.3179e-06,0.73654
1.3183e-06,0.73209
1.3188e-06,0.72762
1.3192e-06,0.72311
1.3196e-06,0.71858
1.32e-06,0.71401
1.3204e-06,0.70941
1.3208e-06,0.70478
1.3213e-06,0.70013
1.3217e-06,0.69544
1.3221e-06,0.69072
1.3225e-06,0.68597
1.3229e-06,0.6812
1.3233e-06,0.67639
1.3238e-06,0.67155
1.3242e-06,0.66669
1.3246e-06,0.6618
1.325e-06,0.65688
1.3254e-06,0.65193
1.3258e-06,0.64695
1.3263e-06,0.64195
1.3267e-06,0.63692
1.3271e-06,0.63186
1.3275e-06,0.62677
1.3279e-06,0.62166
1.3283e-06,0.61652
1.3288e-06,0.61135
1.3292e-06,0.60616
1.3296e-06,0.60094
1.33e-06,0.5957
1.3304e-06,0.59043
1.3308e-06,0.58513
1.3313e-06,0.57981
1.3317e-06,0.57447
1.3321e-06,0.5691
1.3325e-06,0.5637
1.3329e-06,0.55828
1.3333e-06,0.55284
1.3338e-06,0.54738
1.3342e-06,0.54189
1.3346e-06,0.53638
1.335e-06,0.53084
1.3354e-06,0.52528
1.3358e-06,0.5197
1.3363e-06,0.5141
1.3367e-06,0.50847
1.3371e-06,0.50283
1.3375e-06,0.49716
1.3379e-06,0.49147
1.3383e-06,0.48576
1.3388e-06,0.48003
1.3392e-06,0.47428
1.3396e-06,0.46851
1.34e-06,0.46271
1.3404e-06,0.4569
1.3408e-06,0.45107
1.3413e-06,0.44522
1.3417e-06,0.43935
1.3421e-06,0.43346
1.3425e-06,0.42755
1.3429e-06,0.42163
1.3433e-06,0.41568
1.3438e-06,0.40972
1.3442e-06,0.40374
1.3446e-06,0.39775
1.345e-06,0.39173
1.3454e-06,0.3857
1.3458e-06,0.37966
1.3463e-06,0.37359
1.3467e-06,0.36751
1.3471e-06,0.36142
1.3475e-06,0.35531
1.3479e-06,0.34918
1.3483e-06,0.34304
1.3488e-06,0.33689
1.3492e-06,0.33072
1.3496e-06,0.32453
1.35e-06,0.31834
1.3504e-06,0.31213
1.3508e-06,0.3059
1.3513e-06,0.29966
1.3517e-06,0.29341
1.3521e-06,0.28715
1.3525e-06,0.28087
1.3529e-06,0.27459
1.3533e-06,0.26829
1.3538e-06,0.26198
1.3542e-06,0.25566
1.3546e-06,0.24932
1.355e-06,0.24298
1.3554e-06,0.23662
1.3558e-06,0.23026
1.3563e-06,0.22389
1.3567e-06,0.2175
1.3571e-06,0.21111
1.3575e-06,0.20471
1.3579e-06,0.1983
1.3583e-06,0.19188
1.3588e-06,0.18545
1.3592e-06,0.17902
1.3596e-06,0.17257
1.36e-06,0.16612
1.3604e-06,0.15966
1.3608e-06,0.1532
1.3613e-06,0.14673
1.3617e-06,0.14025
1.3621e-06,0.13377
1.3625e-06,0.12728
1.3629e-06,0.12079
1.3633e-06,0.11429
1.3638e-06,0.10778
1.3642e-06,0.10127
1.3646e-06,0.094759
1.365e-06,0.088242
1.3654e-06,0.081721
1.3658e-06,0.075196
1.3663e-06,0.068668
1.3667e-06,0.062137
1.3671e-06,0.055603
1.3675e-06,0.049067
1.3679e-06,0.042529
1.3683e-06,0.035989
1.3688e-06,0.029448
1.3692e-06,0.022905
1.3696e-06,0.016362
1.37e-06,0.0098173
1.3704e-06,0.0032725
1.3708e-06,-0.0032725
1.3713e-06,-0.0098173
1.3717e-06,-0.016362
1.3721e-06,-0.022905
1.3725e-06,-0.029448
1.3729e-06,-0.035989
1.3733e-06,-0.042529
1.3738e-06,-0.049067
1.3742e-06,-0.055603
1.3746e-06,-0.062137
1.375e-06,-0.068668
1.3754e-06,-0.075196
1.3758e-06,-0.081721
1.3763e-06,-0.088242
1.3767e-06,-0.094759
1.3771e-06,-0.10127
1.3775e-06,-0.10778
1.3779e-06,-0.11429
1.3783e-06,-0.12079
1.3788e-06,-0.12728
1.3792e-06,-0.13377
1.3796e-06,-0.14025
1.38e-06,-0.14673
1.3804e-06,-0.1532
1.3808e-06,-0.15966
1.3813e-06,-0.16612
1.3817e-06,-0.17257
1.3821e-06,-0.17902
1.3825e-06,-0.18545
1.3829e-06,-0.19188
1.3833e-06,-0.1983
1.3838e-06,-0.20471
1.3842e-06,-0.21111
1.3846e-06,-0.2175
1.385e-06,-0.22389
1.3854e-06,-0.23026
1.3858e-06,-0.23662
1.3863e-06,-0.24298
1.3867e-06,-0.24932
1.3871e-06,-0.25566
1.3875e-06,-0.26198
1.3879e-06,-0.26829
1.3883e-06,-0.27459
1.3888e-06,-0.28087
1.3892e-06,-0.28715
1.3896e-06,-0.29341
1.39e-06,-0.29966
1.3904e-06,-0.3059
1.3908e-06,-0.31213
1.3913e-06,-0.31834
1.3917e-06,-0.32453
1.3921e-06,-0.33072
1.3925e-06,-0.33689
1.3929e-06,-0.34304
1.3933e-06,-0.34918
1.3938e-06,-0.35531
1.3942e-06,-0.36142
1.3946e-06,-0.36751
1.395e-06,-0.37359
1.3954e-06,-0.37966
1.3958e-06,-0.3857
1.3963e-06,-0.39173
1.3967e-06,-0.39775
1.3971e-06,-0.40374
1.3975e-06,-0.40972
1.3979e-06,-0.41568
1.3983e-06,-0.42163
1.3988e-06,-0.42755
1.3992e-06,-0.43346
1.3996e-06,-0.43935
1.4e-06,-0.44522
1.4004e-06,-0.45107
1.4008e-06,-0.4569
1.4013e-06,-0.46271
1.4017e-06,-0.46851
1.4021e-06,-0.47428
1.4025e-06,-0.48003
1.4029e-06,-0.48576
1.4033e-06,-0.49147
1.4038e-06,-0.49716
1.4042e-06,-0.50283
1.4046e-06,-0.50847
1.405e-06,-0.5141
1.4054e-06,-0.5197
1.4058e-06,-0.52528
1.4063e-06,-0.53084
1.4067e-06,-0.53638
1.4071e-06,-0.54189
1.4075e-06,-0.54738
1.4079e-06,-0.55284
1.4083e-06,-0.55828
1.4088e-06,-0.5637
1.4092e-06,-0.5691
1.4096e-06,-0.57447
1.41e-06,-0.57981
1.4104e-06,-0.58513
1.4108e-06,-0.59043
1.4113e-06,-0.5957
1.4117e-06,-0.60094
1.4121e-06,-0.60616
1.4125e-06,-0.61135
1.4129e-06,-0.61652
1.4133e-06,-0.62166
1.4138e-06,-0.62677
1.4142e-06,-0.63186
1.4146e-06,-0.63692
1.415e-06,-0.64195
1.4154e-06,-0.64695
1.4158e-06,-0.65193
1.4163e-06,-0.65688
1.4167e-06,-0.6618
1.4171e-06,-0.66669
1.4175e-06,-0.67155
1.4179e-06,-0.67639
1.4183e-06,-0.6812
1.4188e-06,-0.68597
1.4192e-06,-0.69072
1.4196e-06,-0.69544
1.42e-06,-0.70013
1.4204e-06,-0.70478
1.4208e-06,-0.70941
1.4213e-06,-0.71401
1.4217e-06,-0.71858
1.4221e-06,-0.72311
1.4225e-06,-0.72762
1.4229e-06,-0.73209
1.4233e-06,-0.73654
1.4238e-06,-0.74095
1.4242e-06,-0.74533
1.4246e-06,-0.74967
1.425e-06,-0.75399
1.4254e-06,-0.75827
1.4258e-06,-0.76252
1.4263e-06,-0.76674
1.4267e-06,-0.77093
1.4271e-06,-0.77508
1.4275e-06,-0.7792
1.4279e-06,-0.78328
1.4283e-06,-0.78733
1.4288e-06,-0.79135
1.4292e-06,-0.79534
1.4296e-06,-0.79929
1.43e-06,-0.8032
1.4304e-06,-0.80708
1.4308e-06,-0.81093
1.4313e-06,-0.81474
1.4317e-06,-0.81852
1.4321e-06,-0.82226
1.4325e-06,-0.82597
1.4329e-06,-0.82964
1.4333e-06,-0.83328
1.4338e-06,-0.83688
1.4342e-06,-0.84044
1.4346e-06,-0.84397
1.435e-06,-0.84746
1.4354e-06,-0.85092
1.4358e-06,-0.85434
1.4363e-06,-0.85772
1.4367e-06,-0.86107
1.4371e-06,-0.86438
1.4375e-06,-0.86765
1.4379e-06,-0.87089
1.4383e-06,-0.87408
1.4388e-06,-0.87725
1.4392e-06,-0.88037
1.4396e-06,-0.88345
1.44e-06,-0.8865
1.4404e-06,-0.88951
1.4408e-06,-0.89248
1.4413e-06,-0.89542
1.4417e-06,-0.89831
1.4421e-06,-0.90117
1.4425e-06,-0.90398
1.4429e-06,-0.90676
1.4433e-06,-0.9095
1.4438e-06,-0.9122
1.4442e-06,-0.91487
1.4446e-06,-0.91749
1.445e-06,-0.92007
1.4454e-06,-0.92262
1.4458e-06,-0.92512
1.4463e-06,-0.92759
1.4467e-06,-0.93001
1.4471e-06,-0.9324
1.4475e-06,-0.93474
1.4479e-06,-0.93705
1.4483e-06,-0.93931
1.4488e-06,-0.94154
1.4492e-06,-0.94372
1.4496e-06,-0.94587
1.45e-06,-0.94797
1.4504e-06,-0.95003
1.4508e-06,-0.95206
1.4513e-06,-0.95404
1.4517e-06,-0.95598
1.4521e-06,-0.95788
1.4525e-06,-0.95974
1.4529e-06,-0.96156
1.4533e-06,-0.96333
1.4538e-06,-0.96507
1.4542e-06,-0.96676
1.4546e-06,-0.96841
1.455e-06,-0.97003
1.4554e-06,-0.97159
1.4558e-06,-0.97312
1.4563e-06,-0.97461
1.4567e-06,-0.97605
1.4571e-06,-0.97746
1.4575e-06,-0.97882
1.4579e-06,-0.98014
1.4583e-06,-0.98141
1.4588e-06,-0.98265
1.4592e-06,-0.98384
1.4596e-06,-0.98499
1.46e-06,-0.9861
1.4604e-06,-0.98717
1.4608e-06,-0.98819
1.4613e-06,-0.98917
1.4617e-06,-0.99011
1.4621e-06,-0.99101
1.4625e-06,-0.99186
1.4629e-06,-0.99267
1.4633e-06,-0.99344
1.4638e-06,-0.99417
1.4642e-06,-0.99485
1.4646e-06,-0.99549
1.465e-06,-0.99609
1.4654e-06,-0.99665
1.4658e-06,-0.99716
1.4663e-06,-0.99763
1.4667e-06,-0.99806
1.4671e-06,-0.99845
1.4675e-06,-0.99879
1.4679e-06,-0.99909
1.4683e-06,-0.99935
1.4688e-06,-0.99956
1.4692e-06,-0.99973
1.4696e-06,-0.99986
1.47e-06,-0.99995
1.4704e-06,-0.99999
1.4708e-06,-0.99999
1.4713e-06,-0.99995
1.4717e-06,-0.99986
1.4721e-06,-0.99973
1.4725e-06,-0.99956
1.4729e-06,-0.99935
1.4733e-06,-0.99909
1.4738e-06,-0.99879
1.4742e-06,-0.99845
1.4746e-06,-0.99806
1.475e-06,-0.99763
1.4754e-06,-0.99716
1.4758e-06,-0.99665
1.4763e-06,-0.99609
1.4767e-06,-0.99549
1.4771e-06,-0.99485
1.4775e-06,-0.99417
1.4779e-06,-0.99344
1.4783e-06,-0.99267
1.4788e-06,-0.99186
1.4792e-06,-0.99101
1.4796e-06,-0.99011
1.48e-06,-0.98917
1.4804e-06,-0.98819
1.4808e-06,-0.98717
1.4813e-06,-0.9861
1.4817e-06,-0.98499
1.4821e-06,-0.98384
1.4825e-06,-0.98265
1.4829e-06,-0.98141
1.4833e-06,-0.98014
1.4838e-06,-0.97882
1.4842e-06,-0.97746
1.4846e-06,-0.97605
1.485e-06,-0.97461
1.4854e-06,-0.97312
1.4858e-06,-0.97159
1.4863e-06,-0.97003
1.4867e-06,-0.96841
1.4871e-06,-0.96676
1.4875e-06,-0.96507
1.4879e-06,-0.96333
1.4883e-06,-0.96156
1.4888e-06,-0.95974
1.4892e-06,-0.95788
1.4896e-06,-0.95598
1.49e-06,-0.95404
1.4904e-06,-0.95206
1.4908e-06,-0.95003
1.4913e-06,-0.94797
1.4917e-06,-0.94587
1.4921e-06,-0.94372
1.4925e-06,-0.94154
1.4929e-06,-0.93931
1.4933e-06,-0.93705
1.4938e-06,-0.93474
1.4942e-06,-0.9324
1.4946e-06,-0.93001
1.495e-06,-0.92759
1.4954e-06,-0.92512
1.4958e-06,-0.92262
1.4963e-06,-0.92007
1.4967e-06,-0.91749
1.4971e-06,-0.91487
1.4975e-06,-0.9122
1.4979e-06,-0.9095
1.4983e-06,-0.90676
1.4988e-06,-0.90398
1.4992e-06,-0.90117
1.4996e-06,-0.89831
1.5e-06,-0.89542
1.5004e-06,-0.89248
1.5008e-06,-0.88951
1.5013e-06,-0.8865
1.5017e-06,-0.88345
1.5021e-06,-0.88037
1.5025e-06,-0.87725
1.5029e-06,-0.87408
1.5033e-06,-0.87089
1.5038e-06,-0.86765
1.5042e-06,-0.86438
1.5046e-06,-0.86107
1.505e-06,-0.85772
1.5054e-06,-0.85434
1.5058e-06,-0.85092
1.5063e-06,-0.84746
1.5067e-06,-0.84397
1.5071e-06,-0.84044
1.5075e-06,-0.83688
1.5079e-06,-0.83328
1.5083e-06,-0.82964
1.5088e-06,-0.82597
1.5092e-06,-0.82226
1.5096e-06,-0.81852
1.51e-06,-0.81474
1.5104e-06,-0.81093
1.5108e-06,-0.80708
1.5113e-06,-0.8032
1.5117e-06,-0.79929
1.5121e-06,-0.79534
1.5125e-06,-0.79135
1.5129e-06,-0.78733
1.5133e-06,-0.78328
1.5138e-06,-0.7792
1.5142e-06,-0.77508
1.5146e-06,-0.77093
1.515e-06,-0.76674
1.5154e-06,-0.76252
1.5158e-06,-0.75827
1.5163e-06,-0.75399
1.5167e-06,-0.74967
1.5171e-06,-0.74533
1.5175e-06,-0.74095
1.5179e-06,-0.73654
1.5183e-06,-0.73209
1.5188e-06,-0.72762
1.5192e-06,-0.72311
1.5196e-06,-0.71858
1.52e-06,-0.71401
1.5204e-06,-0.70941
1.5208e-06,-0.70478
1.5213e-06,-0.70013
1.5217e-06,-0.69544
1.5221e-06,-0.69072
1.5225e-06,-0.68597
1.5229e-06,-0.6812
1.5233e-06,-0.67639
1.5238e-06,-0.67155
1.5242e-06,-0.66669
1.5246e-06,-0.6618
1.525e-06,-0.65688
1.5254e-06,-0.65193
1.5258e-06,-0.64695
1.5263e-06,-0.64195
1.5267e-06,-0.63692
1.5271e-06,-0.63186
1.5275e-06,-0.62677
1.5279e-06,-0.62166
1.5283e-06,-0.61652
1.5288e-06,-0.61135
1.5292e-06,-0.60616
1.5296e-06,-0.60094
1.53e-06,-0.5957
1.5304e-06,-0.59043
1.5308e-06,-0.58513
1.5313e-06,-0.57981
1.5317e-06,-0.57447
1.5321e-06,-0.5691
1.5325e-06,-0.5637
1.5329e-06,-0.55828
1.5333e-06,-0.55284
1.5338e-06,-0.54738
1.5342e-06,-0.54189
1.5346e-06,-0.53638
1.535e-06,-0.53084
1.5354e-06,-0.52528
1.5358e-06,-0.5197
1.5363e-06,-0.5141
1.5367e-06,-0.50847
1.5371e-06,-0.50283
1.5375e-06,-0.49716
1.5379e-06,-0.49147
1.5383e-06,-0.48576
1.5388e-06,-0.48003
1.5392e-06,-0.47428
1.5396e-06,-0.46851
1.54e-06,-0.46271
1.5404e-06,-0.4569
1.5408e-06,-0.45107
1.5413e-06,-0.44522
1.5417e-06,-0.43935
1.5421e-06,-0.43346
1.5425e-06,-0.42755
1.5429e-06,-0.42163
1.5433e-06,-0.41568
1.5438e-06,-0.40972
1.5442e-06,-0.40374
1.5446e-06,-0.39775
1.545e-06,-0.39173
1.5454e-06,-0.3857
1.5458e-06,-0.37966
1.5463e-06,-0.37359
1.5467e-06,-0.36751
1.5471e-06,-0.36142
1.5475e-06,-0.35531
1.5479e-06,-0.34918
1.5483e-06,-0.34304
1.5488e-06,-0.33689
1.5492e-06,-0.33072
1.5496e-06,-0.32453
1.55e-06,-0.31834
1.5504e-06,-0.31213
1.5508e-06,-0.3059
1.5513e-06,-0.29966
1.5517e-06,-0.29341
1.5521e-06,-0.28715
1.5525e-06,-0.28087
1.5529e-06,-0.27459
1.5533e-06,-0.26829
1.5538e-06,-0.26198
1.5542e-06,-0.25566
1.5546e-06,-0.24932
1.555e-06,-0.24298
1.5554e-06,-0.23662
1.5558e-06,-0.23026
1.5563e-06,-0.22389
1.5567e-06,-0.2175
1.5571e-06,-0.21111
1.5575e-06,-0.20471
1.5579e-06,-0.1983
1.5583e-06,-0.19188
1.5588e-06,-0.18545
1.5592e-06,-0.17902
1.5596e-06,-0.17257
1.56e-06,-0.16612
1.5604e-06,-0.15966
1.5608e-06,-0.1532
1.5613e-06,-0.14673
1.5617e-06,-0.14025
1.5621e-06,-0.13365
1.5625e-06,-0.12066
1.5629e-06,-0.10127
1.5633e-06,-0.081717
1.5638e-06,-0.062134
1.5642e-06,-0.042527
1.5646e-06,-0.022904
1.565e-06,-0.0032723
1.5654e-06,0.016361
1.5658e-06,0.035988
1.5663e-06,0.055601
1.5667e-06,0.075192
1.5671e-06,0.094755
1.5675e-06,0.11428
1.5679e-06,0.13376
1.5683e-06,0.15319
1.5688e-06,0.17256
1.5692e-06,0.19187
1.5696e-06,0.2111
1.57e-06,0.23025
1.5704e-06,0.24931
1.5708e-06,0.26827
1.5713e-06,0.28714
1.5717e-06,0.30589
1.5721e-06,0.32452
1.5725e-06,0.34303
1.5729e-06,0.3614
1.5733e-06,0.37964
1.5738e-06,0.39773
1.5742e-06,0.41566
1.5746e-06,0.43344
1.575e-06,0.45105
1.5754e-06,0.46848
1.5758e-06,0.48574
1.5763e-06,0.5028
1.5767e-06,0.51968
1.5771e-06,0.53635
1.5775e-06,0.55282
1.5779e-06,0.56907
1.5783e-06,0.5851
1.5788e-06,0.60091
1.5792e-06,0.61649
1.5796e-06,0.63183
1.58e-06,0.64692
1.5804e-06,0.66177
1.5808e-06,0.67636
1.5813e-06,0.69069
1.5817e-06,0.70475
1.5821e-06,0.71854
1.5825e-06,0.73206
1.5829e-06,0.74529
1.5833e-06,0.75823
1.5838e-06,0.77089
1.5842e-06,0.78324
1.5846e-06,0.7953
1.585e-06,0.80704
1.5854e-06,0.81848
1.5858e-06,0.8296
1.5863e-06,0.8404
1.5867e-06,0.85088
1.5871e-06,0.86103
1.5875e-06,0.87084
1.5879e-06,0.88033
1.5883e-06,0.88947
1.5888e-06,0.89827
1.5892e-06,0.90672
1.5896e-06,0.91482
1.59e-06,0.92257
1.5904e-06,0.92997
1.5908e-06,0.937
1.5913e-06,0.94368
1.5917e-06,0.94999
1.5921e-06,0.95593
1.5925e-06,0.96151
1.5929e-06,0.96671
1.5933e-06,0.97155
1.5938e-06,0.97601
1.5942e-06,0.98009
1.5946e-06,0.98379
1.595e-06,0.98712
1.5954e-06,0.99006
1.5958e-06,0.99262
1.5963e-06,0.9948
1.5967e-06,0.9966
1.5971e-06,0.99801
1.5975e-06,0.99904
1.5979e-06,0.99968
1.5983e-06,0.99994
1.5988e-06,0.99981
1.5992e-06,0.9993
1.5996e-06,0.9984
1.6e-06,0.99711
1.6004e-06,0.99545
1.6008e-06,0.99339
1.6013e-06,0.99096
1.6017e-06,0.98814
1.6021e-06,0.98494
1.6025e-06,0.98136
1.6029e-06,0.97741
1.6033e-06,0.97308
1.6038e-06,0.96837
1.6042e-06,0.96329
1.6046e-06,0.95783
1.605e-06,0.95201
1.6054e-06,0.94582
1.6058e-06,0.93927
1.6063e-06,0.93235
1.6067e-06,0.92508
1.6071e-06,0.91744
1.6075e-06,0.90946
1.6079e-06,0.90112
1.6083e-06,0.89244
1.6088e-06,0.88341
1.6092e-06,0.87404
1.6096e-06,0.86434
1.61e-06,0.8543
1.6104e-06,0.84393
1.6108e-06,0.83324
1.6113e-06,0.82222
1.6117e-06,0.81089
1.6121e-06,0.79925
1.6125e-06,0.7873
1.6129e-06,0.77504
1.6133e-06,0.76249
1.6138e-06,0.74964
1.6142e-06,0.7365
1.6146e-06,0.72308
1.615e-06,0.70938
1.6154e-06,0.6954
1.6158e-06,0.68116
1.6163e-06,0.66666
1.6167e-06,0.6519
1.6171e-06,0.63688
1.6175e-06,0.62163
1.6179e-06,0.60613
1.6183e-06,0.5904
1.6188e-06,0.57444
1.6192e-06,0.55826
1.6196e-06,0.54186
1.62e-06,0.52526
1.6204e-06,0.50845
1.6208e-06,0.49145
1.6213e-06,0.47425
1.6217e-06,0.45688
1.6221e-06,0.43933
1.6225e-06,0.42161
1.6229e-06,0.40372
1.6233e-06,0.38568
1.6238e-06,0.3675
1.6242e-06,0.34917
1.6246e-06,0.3307
1.625e-06,0.31211
1.6254e-06,0.2934
1.6258e-06,0.27457
1.6263e-06,0.25564
1.6267e-06,0.23661
1.6271e-06,0.21749
1.6275e-06,0.19829
1.6279e-06,0.17901
1.6283e-06,0.15966
1.6288e-06,0.14025
1.6292e-06,0.12078
1.6296e-06,0.10127
1.63e-06,0.081717
1.6304e-06,0.062134
1.6308e-06,0.042527
1.6313e-06,0.022904
1.6317e-06,0.0032723
1.6321e-06,-0.016361
1.6325e-06,-0.035988
1.6329e-06,-0.055601
1.6333e-06,-0.075192
1.6338e-06,-0.094755
1.6342e-06,-0.11428
1.6346e-06,-0.13376
1.635e-06,-0.15319
1.6354e-06,-0.17256
1.6358e-06,-0.19187
1.6363e-06,-0.2111
1.6367e-06,-0.23025
1.6371e-06,-0.24931
1.6375e-06,-0.26827
1.6379e-06,-0.28714
1.6383e-06,-0.30589
1.6388e-06,-0.32452
1.6392e-06,-0.34303
1.6396e-06,-0.3614
1.64e-06,-0.37964
1.6404e-06,-0.39773
1.6408e-06,-0.41566
1.6413e-06,-0.43344
1.6417e-06,-0.45105
1.6421e-06,-0.46848
1.6425e-06,-0.48574
1.6429e-06,-0.5028
1.6433e-06,-0.51968
1.6438e-06,-0.53635
1.6442e-06,-0.55282
1.6446e-06,-0.56907
1.645e-06,-0.5851
1.6454e-06,-0.60091
1.6458e-06,-0.61649
1.6463e-06,-0.63183
1.6467e-06,-0.64692
1.6471e-06,-0.66177
1.6475e-06,-0.67636
1.6479e-06,-0.69069
1.6483e-06,-0.70475
1.6488e-06,-0.71854
1.6492e-06,-0.73206
1.6496e-06,-0.74529
1.65e-06,-0.75823
1.6504e-06,-0.77089
1.6508e-06,-0.78324
1.6513e-06,-0.7953
1.6517e-06,-0.80704
1.6521e-06,-0.81848
1.6525e-06,-0.8296
1.6529e-06,-0.8404
1.6533e-06,-0.85088
1.6538e-06,-0.86103
1.6542e-06,-0.87084
1.6546e-06,-0.88033
1.655e-06,-0.88947
1.6554e-06,-0.89827
1.6558e-06,-0.90672
1.6563e-06,-0.91482
1.6567e-06,-0.92257
1.6571e-06,-0.92997
1.6575e-06,-0.937
1.6579e-06,-0.94368
1.6583e-06,-0.94999
1.6588e-06,-0.95593
1.6592e-06,-0.96151
1.6596e-06,-0.96671
1.66e-06,-0.97155
1.6604e-06,-0.97601
1.6608e-06,-0.98009
1.6613e-06,-0.98379
1.6617e-06,-0.98712
1.6621e-06,-0.99006
1.6625e-06,-0.99262
1.6629e-06,-0.9948
1.6633e-06,-0.9966
1.6638e-06,-0.99801
1.6642e-06,-0.99904
1.6646e-06,-0.99968
1.665e-06,-0.99994
1.6654e-06,-0.99981
1.6658e-06,-0.9993
1.6663e-06,-0.9984
1.6667e-06,-0.99711
1.6671e-06,-0.99545
1.6675e-06,-0.99339
1.6679e-06,-0.99096
1.6683e-06,-0.98814
1.6688e-06,-0.98494
1.6692e-06,-0.98136
1.6696e-06,-0.97741
1.67e-06,-0.97308
1.6704e-06,-0.96837
1.6708e-06,-0.96329
1.6713e-06,-0.95783
1.6717e-06,-0.95201
1.6721e-06,-0.94582
1.6725e-06,-0.93927
1.6729e-06,-0.93235
1.6733e-06,-0.92508
1.6738e-06,-0.91744
1.6742e-06,-0.90946
1.6746e-06,-0.90112
1.675e-06,-0.89244
1.6754e-06,-0.88341
1.6758e-06,-0.87404
1.6763e-06,-0.86434
1.6767e-06,-0.8543
1.6771e-06,-0.84393
1.6775e-06,-0.83324
1.6779e-06,-0.82222
1.6783e-06,-0.81089
1.6788e-06,-0.79925
1.6792e-06,-0.7873
1.6796e-06,-0.77504
1.68e-06,-0.76249
1.6804e-06,-0.74964
1.6808e-06,-0.7365
1.6813e-06,-0.72308
1.6817e-06,-0.70938
1.6821e-06,-0.6954
1.6825e-06,-0.68116
1.6829e-06,-0.66666
1.6833e-06,-0.6519
1.6838e-06,-0.63688
1.6842e-06,-0.62163
1.6846e-06,-0.60613
1.685e-06,-0.5904
1.6854e-06,-0.57444
1.6858e-06,-0.55826
1.6863e-06,-0.54186
1.6867e-06,-0.52526
1.6871e-06,-0.50845
1.6875e-06,-0.49145
1.6879e-06,-0.47425
1.6883e-06,-0.45688
1.6888e-06,-0.43933
1.6892e-06,-0.42161
1.6896e-06,-0.40372
1.69e-06,-0.38568
1.6904e-06,-0.3675
1.6908e-06,-0.34917
1.6913e-06,-0.3307
1.6917e-06,-0.31211
1.6921e-06,-0.2934
1.6925e-06,-0.27457
1.6929e-06,-0.25564
1.6933e-06,-0.23661
1.6938e-06,-0.21749
1.6942e-06,-0.19829
1.6946e-06,-0.17901
1.695e-06,-0.15966
1.6954e-06,-0.14025
1.6958e-06,-0.12078
1.6963e-06,-0.10127
1.6967e-06,-0.081717
1.6971e-06,-0.062134
1.6975e-06,-0.042527
1.6979e-06,-0.022904
1.6983e-06,-0.0032723
1.6988e-06,0.016361
1.6992e-06,0.035988
1.6996e-06,0.055601
1.7e-06,0.075192
1.7004e-06,0.094755
1.7008e-06,0.11428
1.7013e-06,0.13376
1.7017e-06,0.15319
1.7021e-06,0.17256
1.7025e-06,0.19187
1.7029e-06,0.2111
1.7033e-06,0.23025
1.7038e-06,0.24931
1.7042e-06,0.26827
1.7046e-06,0.28714
1.705e-06,0.30589
1.7054e-06,0.32452
1.7058e-06,0.34303
1.7063e-06,0.3614
1.7067e-06,0.37964
1.7071e-06,0.39773
1.7075e-06,0.41566
1.7079e-06,0.43344
1.7083e-06,0.45105
1.7088e-06,0.46848
1.7092e-06,0.48574
1.7096e-06,0.5028
1.71e-06,0.51968
1.7104e-06,0.53635
1.7108e-06,0.55282
1.7113e-06,0.56907
1.7117e-06,0.5851
1.7121e-06,0.60091
1.7125e-06,0.61649
1.7129e-06,0.63183
1.7133e-06,0.64692
1.7138e-06,0.66177
1.7142e-06,0.67636
1.7146e-06,0.69069
1.715e-06,0.70475
1.7154e-06,0.71854
1.7158e-06,0.73206
1.7163e-06,0.74529
1.7167e-06,0.75823
1.7171e-06,0.77089
1.7175e-06,0.78324
1.7179e-06,0.7953
1.7183e-06,0.80704
1.7188e-06,0.81848
1.7192e-06,0.8296
1.7196e-06,0.8404
1.72e-06,0.85088
1.7204e-06,0.86103
1.7208e-06,0.87084
1.7213e-06,0.88033
1.7217e-06,0.88947
1.7221e-06,0.89827
1.7225e-06,0.90672
1.7229e-06,0.91482
1.7233e-06,0.92257
1.7238e-06,0.92997
1.7242e-06,0.937
1.7246e-06,0.94368
1.725e-06,0.94999
1.7254e-06,0.95593
1.7258e-06,0.96151
1.7263e-06,0.96671
1.7267e-06,0.97155
1.7271e-06,0.97601
1.7275e-06,0.98009
1.7279e-06,0.98379
1.7283e-06,0.98712
1.7288e-06,0.99006
1.7292e-06,0.99262
1.7296e-06,0.9948
1.73e-06,0.9966
1.7304e-06,0.99801
1.7308e-06,0.99904
1.7313e-06,0.99968
1.7317e-06,0.99994
1.7321e-06,0.99981
1.7325e-06,0.9993
1.7329e-06,0.9984
1.7333e-06,0.99711
1.7338e-06,0.99545
1.7342e-06,0.99339
1.7346e-06,0.99096
1.735e-06,0.98814
1.7354e-06,0.98494
1.7358e-06,0.98136
1.7363e-06,0.97741
1.7367e-06,0.97308
1.7371e-06,0.96837
1.7375e-06,0.96329
1.7379e-06,0.95783
1.7383e-06,0.95201
1.7388e-06,0.94582
1.7392e-06,0.93927
1.7396e-06,0.93235
1.74e-06,0.92508
1.7404e-06,0.91744
1.7408e-06,0.90946
1.7413e-06,0.90112
1.7417e-06,0.89244
1.7421e-06,0.88341
1.7425e-06,0.87404
1.7429e-06,0.86434
1.7433e-06,0.8543
1.7438e-06,0.84393
1.7442e-06,0.83324
1.7446e-06,0.82222
1.745e-06,0.81089
1.7454e-06,0.79925
1.7458e-06,0.7873
1.7463e-06,0.77504
1.7467e-06,0.76249
1.7471e-06,0.74964
1.7475e-06,0.7365
1.7479e-06,0.72308
1.7483e-06,0.70938
1.7488e-06,0.6954
1.7492e-06,0.68116
1.7496e-06,0.66666
1.75e-06,0.6519
1.7504e-06,0.63688
1.7508e-06,0.62163
1.7513e-06,0.60613
1.7517e-06,0.5904
1.7521e-06,0.57444
1.7525e-06,0.55826
1.7529e-06,0.54186
1.7533e-06,0.52526
1.7538e-06,0.50845
1.7542e-06,0.49145
1.7546e-06,0.47425
1.755e-06,0.45688
1.7554e-06,0.43933
1.7558e-06,0.42161
1.7563e-06,0.40372
1.7567e-06,0.38568
1.7571e-06,0.3675
1.7575e-06,0.34917
1.7579e-06,0.3307
1.7583e-06,0.31211
1.7588e-06,0.2934
1.7592e-06,0.27457
1.7596e-06,0.25564
1.76e-06,0.23661
1.7604e-06,0.21749
1.7608e-06,0.19829
1.7613e-06,0.17901
1.7617e-06,0.15966
1.7621e-06,0.14025
1.7625e-06,0.12078
1.7629e-06,0.10127
1.7633e-06,0.081717
1.7638e-06,0.062134
1.7642e-06,0.042527
1.7646e-06,0.022904
1.765e-06,0.0032723
1.7654e-06,-0.016361
1.7658e-06,-0.035988
1.7663e-06,-0.055601
1.7667e-06,-0.075192
1.7671e-06,-0.094755
1.7675e-06,-0.11428
1.7679e-06,-0.13376
1.7683e-06,-0.15319
1.7688e-06,-0.17256
1.7692e-06,-0.19187
1.7696e-06,-0.2111
1.77e-06,-0.23025
1.7704e-06,-0.24931
1.7708e-06,-0.26827
1.7713e-06,-0.28714
1.7717e-06,-0.30589
1.7721e-06,-0.32452
1.7725e-06,-0.34303
1.7729e-06,-0.3614
1.7733e-06,-0.37964
1.7738e-06,-0.39773
1.7742e-06,-0.41566
1.7746e-06,-0.43344
1.775e-06,-0.45105
1.7754e-06,-0.46848
1.7758e-06,-0.48574
1.7763e-06,-0.5028
1.7767e-06,-0.51968
1.7771e-06,-0.53635
1.7775e-06,-0.55282
1.7779e-06,-0.56907
1.7783e-06,-0.5851
1.7788e-06,-0.60091
1.7792e-06,-0.61649
1.7796e-06,-0.63183
1.78e-06,-0.64692
1.7804e-06,-0.66177
1.7808e-06,-0.67636
1.7813e-06,-0.69069
1.7817e-06,-0.70475
1.7821e-06,-0.71854
1.7825e-06,-0.73206
1.7829e-06,-0.74529
1.7833e-06,-0.75823
1.7838e-06,-0.77089
1.7842e-06,-0.78324
1.7846e-06,-0.7953
1.785e-06,-0.80704
1.7854e-06,-0.81848
1.7858e-06,-0.8296
1.7863e-06,-0.8404
1.7867e-06,-0.85088
1.7871e-06,-0.86103
1.7875e-06,-0.87084
1.7879e-06,-0.88033
1.7883e-06,-0.88947
1.7888e-06,-0.89827
1.7892e-06,-0.90672
1.7896e-06,-0.91482
1.79e-06,-0.92257
1.7904e-06,-0.92997
1.7908e-06,-0.937
1.7913e-06,-0.94368
1.7917e-06,-0.94999
1.7921e-06,-0.95593
1.7925e-06,-0.96151
1.7929e-06,-0.96671
1.7933e-06,-0.97155
1.7938e-06,-0.97601
1.7942e-06,-0.98009
1.7946e-06,-0.98379
1.795e-06,-0.98712
1.7954e-06,-0.99006
1.7958e-06,-0.99262
1.7963e-06,-0.9948
1.7967e-06,-0.9966
1.7971e-06,-0.99801
1.7975e-06,-0.99904
1.7979e-06,-0.99968
1.7983e-06,-0.99994
1.7988e-06,-0.99981
1.7992e-06,-0.9993
1.7996e-06,-0.9984
1.8e-06,-0.99711
1.8004e-06,-0.99545
1.8008e-06,-0.99339
1.8013e-06,-0.99096
1.8017e-06,-0.98814
1.8021e-06,-0.98494
1.8025e-06,-0.98136
1.8029e-06,-0.97741
1.8033e-06,-0.97308
1.8038e-06,-0.96837
1.8042e-06,-0.96329
1.8046e-06,-0.95783
1.805e-06,-0.95201
1.8054e-06,-0.94582
1.8058e-06,-0.93927
1.8063e-06,-0.93235
1.8067e-06,-0.92508
1.8071e-06,-0.91744
1.8075e-06,-0.90946
1.8079e-06,-0.90112
1.8083e-06,-0.89244
1.8088e-06,-0.88341
1.8092e-06,-0.87404
1.8096e-06,-0.86434
1.81e-06,-0.8543
1.8104e-06,-0.84393
1.8108e-06,-0.83324
1.8113e-06,-0.82222
1.8117e-06,-0.81089
1.8121e-06,-0.79925
1.8125e-06,-0.7873
1.8129e-06,-0.77504
1.8133e-06,-0.76249
1.8138e-06,-0.74964
1.8142e-06,-0.7365
1.8146e-06,-0.72308
1.815e-06,-0.70938
1.8154e-06,-0.6954
1.8158e-06,-0.68116
1.8163e-06,-0.66666
1.8167e-06,-0.6519
1.8171e-06,-0.63688
1.8175e-06,-0.62163
1.8179e-06,-0.60613
1.8183e-06,-0.5904
1.8188e-06,-0.57444
1.8192e-06,-0.55826
1.8196e-06,-0.54186
1.82e-06,-0.52526
1.8204e-06,-0.50845
1.8208e-06,-0.49145
1.8213e-06,-0.47425
1.8217e-06,-0.45688
1.8221e-06,-0.43933
1.8225e-06,-0.42161
1.8229e-06,-0.40372
1.8233e-06,-0.38568
1.8238e-06,-0.3675
1.8242e-06,-0.34917
1.8246e-06,-0.3307
1.825e-06,-0.31211
1.8254e-06,-0.2934
1.8258e-06,-0.27457
1.8263e-06,-0.25564
1.8267e-06,-0.23661
1.8271e-06,-0.21749
1.8275e-06,-0.19829
1.8279e-06,-0.17901
1.8283e-06,-0.15966
1.8288e-06,-0.14025
1.8292e-06,-0.12078
1.8296e-06,-0.10127
1.83e-06,-0.081717
1.8304e-06,-0.062134
1.8308e-06,-0.042527
1.8313e-06,-0.022904
1.8317e-06,-0.0032723
1.8321e-06,0.016361
1.8325e-06,0.035988
1.8329e-06,0.055601
1.8333e-06,0.075192
1.8338e-06,0.094755
1.8342e-06,0.11428
1.8346e-06,0.13376
1.835e-06,0.15319
1.8354e-06,0.17256
1.8358e-06,0.19187
1.8363e-06,0.2111
1.8367e-06,0.23025
1.8371e-06,0.24931
1.8375e-06,0.26827
1.8379e-06,0.28714
1.8383e-06,0.30589
1.8388e-06,0.32452
1.8392e-06,0.34303
1.8396e-06,0.3614
1.84e-06,0.37964
1.8404e-06,0.39773
1.8408e-06,0.41566
1.8413e-06,0.43344
1.8417e-06,0.45105
1.8421e-06,0.46848
1.8425e-06,0.48574
1.8429e-06,0.5028
1.8433e-06,0.51968
1.8438e-06,0.53635
1.8442e-06,0.55282
1.8446e-06,0.56907
1.845e-06,0.5851
1.8454e-06,0.60091
1.8458e-06,0.61649
1.8463e-06,0.63183
1.8467e-06,0.64692
1.8471e-06,0.66177
1.8475e-06,0.67636
1.8479e-06,0.69069
1.8483e-06,0.70475
1.8488e-06,0.71854
1.8492e-06,0.73206
1.8496e-06,0.74529
1.85e-06,0.75823
1.8504e-06,0.77089
1.8508e-06,0.78324
1.8513e-06,0.7953
1.8517e-06,0.80704
1.8521e-06,0.81848
1.8525e-06,0.8296
1.8529e-06,0.8404
1.8533e-06,0.85088
1.8538e-06,0.86103
1.8542e-06,0.87084
1.8546e-06,0.88033
1.855e-06,0.88947
1.8554e-06,0.89827
1.8558e-06,0.90672
1.8563e-06,0.91482
1.8567e-06,0.92257
1.8571e-06,0.92997
1.8575e-06,0.937
1.8579e-06,0.94368
1.8583e-06,0.94999
1.8588e-06,0.95593
1.8592e-06,0.96151
1.8596e-06,0.96671
1.86e-06,0.97155
1.8604e-06,0.97601
1.8608e-06,0.98009
1.8613e-06,0.98379
1.8617e-06,0.98712
1.8621e-06,0.99006
1.8625e-06,0.99262
1.8629e-06,0.9948
1.8633e-06,0.9966
1.8638e-06,0.99801
1.8642e-06,0.99904
1.8646e-06,0.99968
1.865e-06,0.99994
1.8654e-06,0.99981
1.8658e-06,0.9993
1.8663e-06,0.9984
1.8667e-06,0.99711
1.8671e-06,0.99545
1.8675e-06,0.99339
1.8679e-06,0.99096
1.8683e-06,0.98814
1.8688e-06,0.98494
1.8692e-06,0.98136
1.8696e-06,0.97741
1.87e-06,0.97308
1.8704e-06,0.96837
1.8708e-06,0.96329
1.8713e-06,0.95783
1.8717e-06,0.95201
1.8721e-06,0.94582
1.8725e-06,0.93927
1.8729e-06,0.93235
1.8733e-06,0.92508
1.8738e-06,0.91744
1.8742e-06,0.90946
1.8746e-06,0.90112
1.875e-06,0.89244
1.8754e-06,0.88341
1.8758e-06,0.87404
1.8763e-06,0.86434
1.8767e-06,0.8543
1.8771e-06,0.84393
1.8775e-06,0.83324
1.8779e-06,0.82222
1.8783e-06,0.81089
1.8788e-06,0.79925
1.8792e-06,0.7873
1.8796e-06,0.77504
1.88e-06,0.76249
1.8804e-06,0.74964
1.8808e-06,0.7365
1.8813e-06,0.72308
1.8817e-06,0.70938
1.8821e-06,0.6954
1.8825e-06,0.68116
1.8829e-06,0.66666
1.8833e-06,0.6519
1.8838e-06,0.63688
1.8842e-06,0.62163
1.8846e-06,0.60613
1.885e-06,0.5904
1.8854e-06,0.57444
1.8858e-06,0.55826
1.8863e-06,0.54186
1.8867e-06,0.52526
1.8871e-06,0.50845
1.8875e-06,0.49145
1.8879e-06,0.47425
1.8883e-06,0.45688
1.8888e-06,0.43933
1.8892e-06,0.42161
1.8896e-06,0.40372
1.89e-06,0.38568
1.8904e-06,0.3675
1.8908e-06,0.34917
1.8913e-06,0.3307
1.8917e-06,0.31211
1.8921e-06,0.2934
1.8925e-06,0.27457
1.8929e-06,0.25564
1.8933e-06,0.23661
1.8938e-06,0.21749
1.8942e-06,0.19829
1.8946e-06,0.17901
1.895e-06,0.15966
1.8954e-06,0.14025
1.8958e-06,0.12078
1.8963e-06,0.10127
1.8967e-06,0.081717
1.8971e-06,0.062134
1.8975e-06,0.042527
1.8979e-06,0.022904
1.8983e-06,0.0032723
1.8988e-06,-0.016361
1.8992e-06,-0.035988
1.8996e-06,-0.055601
1.9e-06,-0.075192
1.9004e-06,-0.094755
1.9008e-06,-0.11428
1.9013e-06,-0.13376
1.9017e-06,-0.15319
1.9021e-06,-0.17256
1.9025e-06,-0.19187
1.9029e-06,-0.2111
1.9033e-06,-0.23025
1.9038e-06,-0.24931
1.9042e-06,-0.26827
1.9046e-06,-0.28714
1.905e-06,-0.30589
1.9054e-06,-0.32452
1.9058e-06,-0.34303
1.9063e-06,-0.3614
1.9067e-06,-0.37964
1.9071e-06,-0.39773
1.9075e-06,-0.41566
1.9079e-06,-0.43344
1.9083e-06,-0.45105
1.9088e-06,-0.46848
1.9092e-06,-0.48574
1.9096e-06,-0.5028
1.91e-06,-0.51968
1.9104e-06,-0.53635
1.9108e-06,-0.55282
1.9113e-06,-0.56907
1.9117e-06,-0.5851
1.9121e-06,-0.60091
1.9125e-06,-0.61649
1.9129e-06,-0.63183
1.9133e-06,-0.64692
1.9138e-06,-0.66177
1.9142e-06,-0.67636
1.9146e-06,-0.69069
1.915e-06,-0.70475
1.9154e-06,-0.71854
1.9158e-06,-0.73206
1.9163e-06,-0.74529
1.9167e-06,-0.75823
1.9171e-06,-0.77089
1.9175e-06,-0.78324
1.9179e-06,-0.7953
1.9183e-06,-0.80704
1.9188e-06,-0.81848
1.9192e-06,-0.8296
1.9196e-06,-0.8404
1.92e-06,-0.85088
1.9204e-06,-0.86103
1.9208e-06,-0.87084
1.9213e-06,-0.88033
1.9217e-06,-0.88947
1.9221e-06,-0.89827
1.9225e-06,-0.90672
1.9229e-06,-0.91482
1.9233e-06,-0.92257
1.9238e-06,-0.92997
1.9242e-06,-0.937
1.9246e-06,-0.94368
1.925e-06,-0.94999
1.9254e-06,-0.95593
1.9258e-06,-0.96151
1.9263e-06,-0.96671
1.9267e-06,-0.97155
1.9271e-06,-0.97601
1.9275e-06,-0.98009
1.9279e-06,-0.98379
1.9283e-06,-0.98712
1.9288e-06,-0.99006
1.9292e-06,-0.99262
1.9296e-06,-0.9948
1.93e-06,-0.9966
1.9304e-06,-0.99801
1.9308e-06,-0.99904
1.9313e-06,-0.99968
1.9317e-06,-0.99994
1.9321e-06,-0.99981
1.9325e-06,-0.9993
1.9329e-06,-0.9984
1.9333e-06,-0.99711
1.9338e-06,-0.99545
1.9342e-06,-0.99339
1.9346e-06,-0.99096
1.935e-06,-0.98814
1.9354e-06,-0.98494
1.9358e-06,-0.98136
1.9363e-06,-0.97741
1.9367e-06,-0.97308
1.9371e-06,-0.96837
1.9375e-06,-0.96329
1.9379e-06,-0.95783
1.9383e-06,-0.95201
1.9388e-06,-0.94582
1.9392e-06,-0.93927
1.9396e-06,-0.93235
1.94e-06,-0.92508
1.9404e-06,-0.91744
1.9408e-06,-0.90946
1.9413e-06,-0.90112
1.9417e-06,-0.89244
1.9421e-06,-0.88341
1.9425e-06,-0.87404
1.9429e-06,-0.86434
1.9433e-06,-0.8543
1.9438e-06,-0.84393
1.9442e-06,-0.83324
1.9446e-06,-0.82222
1.945e-06,-0.81089
1.9454e-06,-0.79925
1.9458e-06,-0.7873
1.9463e-06,-0.77504
1.9467e-06,-0.76249
1.9471e-06,-0.74964
1.9475e-06,-0.7365
1.9479e-06,-0.72308
1.9483e-06,-0.70938
1.9488e-06,-0.6954
1.9492e-06,-0.68116
1.9496e-06,-0.66666
1.95e-06,-0.6519
1.9504e-06,-0.63688
1.9508e-06,-0.62163
1.9513e-06,-0.60613
1.9517e-06,-0.5904
1.9521e-06,-0.57444
1.9525e-06,-0.55826
1.9529e-06,-0.54186
1.9533e-06,-0.52526
1.9538e-06,-0.50845
1.9542e-06,-0.49145
1.9546e-06,-0.47425
1.955e-06,-0.45688
1.9554e-06,-0.43933
1.9558e-06,-0.42161
1.9563e-06,-0.40372
1.9567e-06,-0.38568
1.9571e-06,-0.3675
1.9575e-06,-0.34917
1.9579e-06,-0.3307
1.9583e-06,-0.31211
1.9588e-06,-0.2934
1.9592e-06,-0.27457
1.9596e-06,-0.25564
1.96e-06,-0.23661
1.9604e-06,-0.21749
1.9608e-06,-0.19829
1.9613e-06,-0.17901
1.9617e-06,-0.15966
1.9621e-06,-0.14025
1.9625e-06,-0.12078
1.9629e-06,-0.10127
1.9633e-06,-0.081717
1.9638e-06,-0.062134
1.9642e-06,-0.042527
1.9646e-06,-0.022904
1.965e-06,-0.0032723
1.9654e-06,0.016361
1.9658e-06,0.035988
1.9663e-06,0.055601
1.9667e-06,0.075192
1.9671e-06,0.094755
1.9675e-06,0.11428
1.9679e-06,0.13376
1.9683e-06,0.15319
1.9688e-06,0.17256
1.9692e-06,0.19187
1.9696e-06,0.2111
1.97e-06,0.23025
1.9704e-06,0.24931
1.9708e-06,0.26827
1.9713e-06,0.28714
1.9717e-06,0.30589
1.9721e-06,0.32452
1.9725e-06,0.34303
1.9729e-06,0.3614
1.9733e-06,0.37964
1.9738e-06,0.39773
1.9742e-06,0.41566
1.9746e-06,0.43344
1.975e-06,0.45105
1.9754e-06,0.46848
1.9758e-06,0.48574
1.9763e-06,0.5028
1.9767e-06,0.51968
1.9771e-06,0.53635
1.9775e-06,0.55282
1.9779e-06,0.56907
1.9783e-06,0.57963
1.9788e-06,0.29639
1.9792e-06,0.0053352
1.9796e-06,1.7892e-06
1.98e-06,1.0993e-11
1.9804e-06,0
1.9808e-06,0
1.9813e-06,0
1.9817e-06,0
1.9821e-06,0
1.9825e-06,0
1.9829e-06,0
1.9833e-06,0
1.9838e-06,0
1.9842e-06,0
1.9846e-06,0
1.985e-06,0
1.9854e-06,0
1.9858e-06,0
1.9863e-06,0
1.9867e-06,0
1.9871e-06,0
1.9875e-06,0
1.9879e-06,0
1.9883e-06,0
1.9888e-06,0
1.9892e-06,0
1.9896e-06,0
1.99e-06,0
1.9904e-06,0
1.9908e-06,0
1.9913e-06,0
1.9917e-06,0
1.9921e-06,0
1.9925e-06,0
1.9929e-06,0
1.9933e-06,0
1.9938e-06,0
1.9942e-06,0
1.9946e-06,0
1.995e-06,0
1.9954e-06,0
1.9958e-06,0
1.9963e-06,0
1.9967e-06,0
1.9971e-06,0
1.9975e-06,0
1.9979e-06,0
1.9983e-06,0
1.9988e-06,0
1.9992e-06,0
1.9996e-06,0
2e-06,0
2.0004e-06,0
2.0008e-06,0
2.0013e-06,0
2.0017e-06,0
2.0021e-06,0
2.0025e-06,0
2.0029e-06,0
2.0033e-06,0
2.0038e-06,0
2.0042e-06,0
2.0046e-06,0
2.005e-06,0
2.0054e-06,0
2.0058e-06,0
2.0063e-06,0
2.0067e-06,0
2.0071e-06,0
2.0075e-06,0
2.0079e-06,0
2.0083e-06,0
2.0088e-06,0
2.0092e-06,0
2.0096e-06,0
2.01e-06,0
2.0104e-06,0
2.0108e-06,0
2.0113e-06,0
2.0117e-06,0
2.0121e-06,0
2.0125e-06,0
2.0129e-06,0
2.0133e-06,0
2.0138e-06,0
2.0142e-06,0
2.0146e-06,0
2.015e-06,0
2.0154e-06,0
2.0158e-06,0
2.0163e-06,0
2.0167e-06,0
2.0171e-06,0
2.0175e-06,0
2.0179e-06,0
2.0183e-06,0
2.0188e-06,0
2.0192e-06,0
2.0196e-06,0
2.02e-06,0
2.0204e-06,0
2.0208e-06,0
2.0213e-06,0
2.0217e-06,0
2.0221e-06,0
2.0225e-06,0
2.0229e-06,0
2.0233e-06,0
2.0238e-06,0
2.0242e-06,0
2.0246e-06,0
2.025e-06,0
2.0254e-06,0
2.0258e-06,0
2.0263e-06,0
2.0267e-06,0
2.0271e-06,0
2.0275e-06,0
2.0279e-06,0
2.0283e-06,0
2.0288e-06,0
2.0292e-06,0
2.0296e-06,0
2.03e-06,0
2.0304e-06,0
2.0308e-06,0
2.0313e-06,0
2.0317e-06,0
2.0321e-06,0
2.0325e-06,0
2.0329e-06,0
2.0333e-06,0
2.0338e-06,0
2.0342e-06,0
2.0346e-06,0
2.035e-06,0
2.0354e-06,0
2.0358e-06,0
2.0363e-06,0
2.0367e-06,0
2.0371e-06,0
2.0375e-06,0
2.0379e-06,0
2.0383e-06,0
2.0388e-06,0
2.0392e-06,0
2.0396e-06,0
2.04e-06,0
2.0404e-06,0
2.0408e-06,0
2.0413e-06,0
2.0417e-06,0
2.0421e-06,0
2.0425e-06,0
2.0429e-06,0
2.0433e-06,0
2.0438e-06,0
2.0442e-06,0
2.0446e-06,0
2.045e-06,0
2.0454e-06,0
2.0458e-06,0
2.0463e-06,0
2.0467e-06,0
2.0471e-06,0
2.0475e-06,0
2.0479e-06,0
2.0483e-06,0
2.0488e-06,0
2.0492e-06,0
2.0496e-06,0
2.05e-06,0
2.0504e-06,0
2.0508e-06,0
2.0513e-06,0
2.0517e-06,0
2.0521e-06,0
2.0525e-06,0
2.0529e-06,0
2.0533e-06,0
2.0538e-06,0
2.0542e-06,0
2.0546e-06,0
2.055e-06,0
2.0554e-06,0
2.0558e-06,0
2.0563e-06,0
2.0567e-06,0
2.0571e-06,0
2.0575e-06,0
2.0579e-06,0
2.0583e-06,0
2.0588e-06,0
2.0592e-06,0
2.0596e-06,0
2.06e-06,0
2.0604e-06,0
2.0608e-06,0
2.0613e-06,0
2.0617e-06,0
2.0621e-06,0
2.0625e-06,0
2.0629e-06,0
2.0633e-06,0
2.0638e-06,0
2.0642e-06,0
2.0646e-06,0
2.065e-06,0
2.0654e-06,0
2.0658e-06,0
2.0663e-06,0
2.0667e-06,0
2.0671e-06,0
2.0675e-06,0
2.0679e-06,0
2.0683e-06,0
2.0688e-06,0
2.0692e-06,0
2.0696e-06,0
2.07e-06,0
2.0704e-06,0
2.0708e-06,0
2.0713e-06,0
2.0717e-06,0
2.0721e-06,0
2.0725e-06,0
2.0729e-06,0
2.0733e-06,0
2.0738e-06,0
2.0742e-06,0
2.0746e-06,0
2.075e-06,0
2.0754e-06,0
2.0758e-06,0
2.0763e-06,0
2.0767e-06,0
2.0771e-06,0
2.0775e-06,0
2.0779e-06,0
2.0783e-06,0
2.0788e-06,0
2.0792e-06,0
2.0796e-06,0
2.08e-06,0
2.0804e-06,0
2.0808e-06,0
2.0813e-06,0
2.0817e-06,0
2.0821e-06,0
2.0825e-06,0
